25279 13517 1120 18 17
25489 13744 1120 18 17
25702 13816 1120 18 17
25913 13909 1120 18 17
26125 14014 1120 18 17
26337 14047 1120 18 17
26548 14051 1120 18 17
26760 14073 1120 18 17
26971 14078 1120 18 17
27183 14084 1120 18 17
27394 14084 1120 18 17
27605 14085 1120 18 17
27817 14086 1120 18 17
28027 14086 1120 18 17
28238 14086 1120 18 17
28449 14086 1120 18 17
28659 14087 1120 18 17
28870 14088 1120 18 17
29081 14088 1120 18 17
29293 14089 1120 18 17
29503 14090 1120 18 17
29715 14090 1120 18 17
29927 14090 1120 18 17
30138 14090 1120 18 17
30350 14091 1120 18 17
30562 14091 1120 18 17
30774 14092 1120 18 17
30987 14093 1120 18 17
31198 14094 1120 18 17
31410 14094 1120 18 17
31621 14096 1120 18 17
31833 14097 1120 18 17
32045 14098 1120 18 17
32255 14098 1120 18 17
32466 14098 1120 18 17
32678 14100 1120 18 17
32890 14101 1120 18 17
33101 14101 1120 18 17
33313 14102 1120 18 17
33524 14102 1120 18 17
33734 14103 1120 18 17
33946 14103 1120 18 17
34158 14103 1120 18 17
34369 14103 1120 18 17
34581 14103 1120 18 17
34793 14215 1232 18 17
35005 14215 1232 18 17
35217 14216 1232 18 17
35429 14217 1232 18 17
35641 14217 1232 18 17
35852 14217 1232 18 17
36063 14230 1232 18 17
36274 14230 1232 18 17
36485 14231 1232 18 17
36697 14232 1232 18 17
36907 14232 1232 18 17
37119 14233 1232 18 17
37329 14233 1232 18 17
37541 14234 1232 18 17
37752 14235 1232 18 17
37964 14235 1232 18 17
38175 14236 1232 18 17
38387 14237 1232 18 17
38598 14237 1232 18 17
38810 14238 1232 18 17
39021 14238 1232 18 17
39232 14239 1232 18 17
39443 14239 1232 18 17
39655 14240 1232 18 17
39866 14240 1232 18 17
40078 14241 1232 18 17
40291 14242 1232 18 17
40503 14242 1232 18 17
40715 14242 1232 18 17
40927 14242 1232 18 17
41139 14242 1232 18 17
41350 14242 1232 18 17
41562 14242 1232 18 17
41773 14242 1232 18 17
41985 14242 1232 18 17
42197 14242 1232 18 17
42409 14242 1232 18 17
42620 14242 1232 18 17
42831 14243 1232 18 17
43043 14243 1232 18 17
43255 14244 1232 18 17
43467 14244 1232 18 17
43679 14244 1232 18 17
43891 14245 1232 18 17
44103 14245 1232 18 17
44314 14243 1232 18 17
44526 13496 1232 18 17
44739 12874 1232 17 16
44951 12752 1232 16 16
45162 12755 1232 16 16
45374 12771 1232 16 16
45586 12771 1232 16 16
45799 12794 1232 16 16
46010 12817 1232 16 16
46222 12870 1232 16 16
46434 12882 1232 16 16
46646 12882 1232 16 16
46858 12882 1232 16 16
47069 12882 1232 16 16
47281 12880 1232 16 16
47493 12880 1232 16 16
47704 12880 1232 16 16
47916 12880 1232 16 16
48128 12881 1232 16 16
48339 12881 1232 16 16
48550 12881 1232 16 16
48763 12881 1232 16 16
48974 12881 1232 16 16
49186 12881 1232 16 16
49399 12881 1232 16 16
49610 12881 1232 16 16
49821 12881 1232 16 16
50033 12896 1232 16 16
50245 12896 1232 16 16
50455 12897 1232 16 16
50666 12911 1232 16 16
50878 12911 1232 16 16
51090 12911 1232 16 16
51301 12912 1232 16 16
51513 12927 1232 16 16
51725 12974 1232 16 16
51937 12974 1232 16 16
52149 12974 1232 16 16
52361 12989 1232 16 16
52572 13005 1232 16 16
52785 13004 1232 16 16
52997 13003 1232 16 16
53209 13003 1232 16 16
53421 13003 1232 16 16
53633 13003 1232 16 16
53845 13003 1232 16 16
54056 13004 1232 16 16
54268 13004 1232 16 16
54480 13004 1232 16 16
54691 12640 1232 16 16
54904 9860 1232 15 15
55117 8544 1232 14 14
55329 7110 1232 9 9
55540 7033 1232 8 8
55752 7034 1232 8 8
55964 7033 1232 8 8
56177 7034 1232 8 8
56389 7031 1232 8 8
56601 7043 1232 8 8
56814 7043 1232 8 8
57026 7043 1232 8 8
57238 7041 1232 8 8
57450 7040 1232 8 8
57662 7040 1232 8 8
57873 7040 1232 8 8
58083 7041 1232 8 8
58294 7041 1232 8 8
58507 7041 1232 8 8
58718 7041 1232 8 8
58931 7041 1232 8 8
59143 7040 1232 8 8
59354 7038 1232 8 8
59565 7038 1232 8 8
59777 7038 1232 8 8
59987 7038 1232 8 8
60198 7038 1232 8 8
60410 7037 1232 8 8
60621 7038 1232 8 8
60832 7038 1232 8 8
61043 7039 1232 8 8
61254 7039 1232 8 8
61465 7039 1232 8 8
61677 7039 1232 8 8
61888 7040 1232 8 8
62100 7039 1232 8 8
62311 7040 1232 8 8
62522 7040 1232 8 8
62733 7041 1232 8 8
62944 7042 1232 8 8
63156 6682 1232 8 8
63368 6424 1232 8 8
63580 6317 1232 7 7
63791 6319 1232 7 7
64003 6320 1232 7 7
64214 6320 1232 7 7
64426 5960 1232 7 7
64638 5319 1232 7 7
64849 3066 1232 5 5
65060 1714 1232 3 3
65273 14 0 0 0
