27211 45127 0 18 17
27424 45348 0 18 17
27637 45447 0 18 17
27849 45523 0 18 17
28060 45588 0 18 17
28274 45643 0 18 17
28485 45652 0 18 17
28698 45670 0 18 17
28909 45685 0 18 17
29121 45686 0 18 17
29332 45686 0 18 17
29545 45674 0 18 17
29757 45677 0 18 17
29968 45680 0 18 17
30179 45667 0 18 17
30390 45669 0 18 17
30601 45669 0 18 17
30813 45664 0 18 17
31025 45657 0 18 17
31627 45653 0 18 17
31840 45671 0 18 17
32052 45670 0 18 17
32264 45668 0 18 17
32475 45672 0 18 17
32687 45671 0 18 17
32898 45670 0 18 17
33110 45669 0 18 17
33321 45668 0 18 17
33533 45667 0 18 17
33744 45666 0 18 17
33955 45665 0 18 17
34166 45666 0 18 17
34378 45666 0 18 17
34590 45666 0 18 17
34801 45666 0 18 17
35012 45666 0 18 17
35224 45667 0 18 17
35435 45667 0 18 17
35646 45667 0 18 17
35857 45667 0 18 17
36068 45668 0 18 17
36280 45668 0 18 17
36491 45668 0 18 17
36702 45668 0 18 17
36913 45669 0 18 17
37125 45669 0 18 17
37338 45670 0 18 17
37549 45670 0 18 17
37761 45671 0 18 17
37972 45671 0 18 17
38183 45673 0 18 17
38395 45674 0 18 17
38606 45674 0 18 17
38817 45674 0 18 17
39029 45676 0 18 17
39240 45676 0 18 17
39452 45676 0 18 17
39662 45677 0 18 17
39872 45677 0 18 17
40083 45677 0 18 17
40295 45677 0 18 17
40507 45672 0 18 17
40718 45672 0 18 17
40930 45672 0 18 17
41141 45672 0 18 17
41353 45673 0 18 17
41565 45665 0 18 17
41777 45666 0 18 17
41988 45674 0 18 17
42199 45682 0 18 17
42410 45682 0 18 17
42621 45674 0 18 17
42833 45675 0 18 17
43044 45675 0 18 17
43256 45676 0 18 17
43467 45671 0 18 17
43679 45666 0 18 17
43891 45666 0 18 17
44103 45666 0 18 17
44315 45666 0 18 17
44527 45661 0 18 17
44739 45660 0 18 17
44951 45660 0 18 17
45163 44893 0 18 17
45376 41250 0 18 17
45588 40522 0 16 16
45799 40523 0 16 16
46010 40523 0 16 16
46222 40524 0 16 16
46434 40521 0 16 16
46645 40521 0 16 16
46857 40521 0 16 16
47068 40521 0 16 16
47279 40522 0 16 16
47491 40520 0 16 16
47703 40514 0 16 16
47916 40515 0 16 16
48128 40516 0 16 16
48339 40519 0 16 16
48550 40506 0 16 16
48762 40507 0 16 16
48974 40507 0 16 16
49185 40507 0 16 16
49396 40507 0 16 16
49609 40490 0 16 16
49820 40491 0 16 16
50033 40492 0 16 16
50245 40492 0 16 16
50457 40491 0 16 16
50668 40480 0 16 16
50880 40482 0 16 16
51092 40482 0 16 16
51304 40482 0 16 16
51516 40474 0 16 16
51727 40466 0 16 16
51938 40467 0 16 16
52149 40468 0 16 16
52361 40470 0 16 16
52573 40459 0 16 16
52784 40461 0 16 16
52996 40462 0 16 16
53207 40461 0 16 16
53420 40461 0 16 16
53632 40459 0 16 16
53843 40457 0 16 16
54055 40458 0 16 16
54266 40459 0 16 16
54479 40459 0 16 16
54691 40457 0 16 16
54904 40458 0 16 16
55116 40459 0 16 16
55328 40460 0 16 16
55540 40455 0 16 16
55752 40456 0 16 16
55964 40456 0 16 16
56176 40457 0 16 16
56388 40457 0 16 16
56601 35007 0 16 16
56812 24869 0 16 16
57024 21783 0 14 14
57236 20235 0 9 9
57448 20103 0 8 8
57659 20105 0 8 8
57871 20106 0 8 8
58084 20106 0 8 8
58296 20108 0 8 8
58507 20109 0 8 8
58720 20110 0 8 8
58932 20110 0 8 8
59144 20111 0 8 8
59357 20111 0 8 8
59569 20111 0 8 8
59781 20114 0 8 8
59992 20114 0 8 8
60204 20115 0 8 8
60416 20116 0 8 8
60628 20116 0 8 8
60840 20116 0 8 8
61052 20117 0 8 8
61263 20117 0 8 8
61474 20118 0 8 8
61687 20118 0 8 8
61897 20119 0 8 8
62109 20119 0 8 8
62320 20119 0 8 8
62531 20131 0 8 8
62744 20131 0 8 8
62955 20131 0 8 8
63167 20132 0 8 8
63378 20132 0 8 8
63589 20134 0 8 8
63800 20134 0 8 8
64013 20135 0 8 8
64224 20135 0 8 8
64435 20136 0 8 8
64646 20135 0 8 8
64857 20135 0 8 8
65068 20136 0 8 8
65282 17956 0 8 8
65494 17621 0 7 7
65706 11117 0 7 7
65920 7869 0 7 7
66132 982 0 4 4
66342 308 0 1 1
66554 -34 0 0 0
