25388 13592 1120 18 17
25599 13797 1120 18 17
25811 13837 1120 18 17
26022 13988 1120 18 17
26235 14053 1120 18 17
26448 14067 1120 18 17
26660 14107 1120 18 17
26871 14122 1120 18 17
27083 14126 1120 18 17
27295 14127 1120 18 17
27506 14127 1120 18 17
27718 14127 1120 18 17
27931 14127 1120 18 17
28142 14127 1120 18 17
28353 14127 1120 18 17
28565 14127 1120 18 17
28776 14127 1120 18 17
28988 14127 1120 18 17
29199 14127 1120 18 17
29411 14127 1120 18 17
29622 14127 1120 18 17
29833 14128 1120 18 17
30046 14128 1120 18 17
30257 14128 1120 18 17
30468 14128 1120 18 17
30679 14128 1120 18 17
30891 14129 1120 18 17
31103 14129 1120 18 17
31314 14130 1120 18 17
31526 14130 1120 18 17
31737 14130 1120 18 17
31949 14130 1120 18 17
32160 14131 1120 18 17
32372 14131 1120 18 17
32583 14134 1120 18 17
32795 14134 1120 18 17
33006 14135 1120 18 17
33217 14135 1120 18 17
33428 14135 1120 18 17
33639 14136 1120 18 17
33850 14137 1120 18 17
34062 14137 1120 18 17
34274 14137 1120 18 17
34486 14137 1120 18 17
34698 14137 1120 18 17
34909 14137 1120 18 17
35120 14249 1232 18 17
35332 14250 1232 18 17
35544 14250 1232 18 17
35756 14250 1232 18 17
35968 14250 1232 18 17
36179 14258 1232 18 17
36390 14258 1232 18 17
36602 14258 1232 18 17
36814 14258 1232 18 17
37026 14258 1232 18 17
37238 14259 1232 18 17
37450 14259 1232 18 17
37662 14259 1232 18 17
37874 14259 1232 18 17
38086 14259 1232 18 17
38297 14259 1232 18 17
38509 14259 1232 18 17
38720 14259 1232 18 17
38931 14259 1232 18 17
39144 14259 1232 18 17
39356 14259 1232 18 17
39568 14259 1232 18 17
39779 14259 1232 18 17
39990 14259 1232 18 17
40202 14259 1232 18 17
40415 14259 1232 18 17
40626 14259 1232 18 17
40838 14260 1232 18 17
41049 14260 1232 18 17
41260 14260 1232 18 17
41472 14260 1232 18 17
41684 14261 1232 18 17
41896 14261 1232 18 17
42107 14261 1232 18 17
42320 14261 1232 18 17
42531 14261 1232 18 17
42742 14261 1232 18 17
42954 14261 1232 18 17
43166 14261 1232 18 17
43379 14260 1232 18 17
43592 14260 1232 18 17
43804 14260 1232 18 17
44016 14260 1232 18 17
44229 14258 1232 18 17
44441 14258 1232 18 17
44654 14258 1232 18 17
44865 13888 1232 18 17
45077 13507 1232 18 17
45289 12781 1232 16 16
45501 12781 1232 16 16
45714 12783 1232 16 16
45925 12799 1232 16 16
46137 12853 1232 16 16
46349 12860 1232 16 16
46560 12890 1232 16 16
46772 12890 1232 16 16
46984 12891 1232 16 16
47195 12890 1232 16 16
47406 12889 1232 16 16
47618 12889 1232 16 16
47830 12889 1232 16 16
48040 12890 1232 16 16
48253 12889 1232 16 16
48464 12889 1232 16 16
48675 12889 1232 16 16
48887 12889 1232 16 16
49098 12889 1232 16 16
49309 12889 1232 16 16
49521 12889 1232 16 16
49734 12889 1232 16 16
49945 12889 1232 16 16
50158 12889 1232 16 16
50370 12889 1232 16 16
50582 12888 1232 16 16
50794 12888 1232 16 16
51005 12888 1232 16 16
51216 12904 1232 16 16
51427 12906 1232 16 16
51640 12960 1232 16 16
51851 12960 1232 16 16
52062 12987 1232 16 16
52274 12986 1232 16 16
52486 13003 1232 16 16
52698 13003 1232 16 16
52910 13003 1232 16 16
53121 13003 1232 16 16
53333 13002 1232 16 16
53544 13002 1232 16 16
53755 12651 1232 16 16
53967 12271 1232 15 15
54179 12271 1232 15 15
54390 12269 1232 15 15
54602 12270 1232 15 15
54814 11902 1232 15 15
55024 9393 1232 14 14
55234 8022 1232 14 14
55446 7046 1232 8 8
55656 7049 1232 8 8
55867 7050 1232 8 8
56080 7050 1232 8 8
56291 7048 1232 8 8
56503 7049 1232 8 8
56715 7054 1232 8 8
56927 7054 1232 8 8
57138 7054 1232 8 8
57348 7050 1232 8 8
57558 7050 1232 8 8
57770 7050 1232 8 8
57980 7050 1232 8 8
58191 7051 1232 8 8
58402 7049 1232 8 8
58614 7049 1232 8 8
58826 7050 1232 8 8
59037 7050 1232 8 8
59249 7048 1232 8 8
59460 7049 1232 8 8
59671 7049 1232 8 8
59882 7049 1232 8 8
60093 7050 1232 8 8
60304 7048 1232 8 8
60515 7048 1232 8 8
60726 7049 1232 8 8
60937 7049 1232 8 8
61148 7050 1232 8 8
61360 7049 1232 8 8
61572 7049 1232 8 8
61783 7049 1232 8 8
61994 7049 1232 8 8
62205 7049 1232 8 8
62418 7048 1232 8 8
62629 7049 1232 8 8
62840 7049 1232 8 8
63050 7049 1232 8 8
63262 7050 1232 8 8
63474 7050 1232 8 8
63685 7050 1232 8 8
63897 7050 1232 8 8
64108 7050 1232 8 8
64319 7050 1232 8 8
64531 6700 1232 8 8
64743 6436 1232 8 8
64957 4899 1232 7 7
65169 2765 1232 5 5
65382 -19 0 0 0
