27236 45204 0 18 17
27448 45323 0 18 17
27659 45382 0 18 17
27870 45514 0 18 17
28082 45558 0 18 17
28294 45580 0 18 17
28506 45630 0 18 17
28719 45639 0 18 17
28930 45642 0 18 17
29141 45650 0 18 17
29354 45651 0 18 17
29566 45651 0 18 17
29778 45652 0 18 17
29990 45652 0 18 17
30201 45653 0 18 17
30414 45653 0 18 17
30625 45654 0 18 17
30836 45654 0 18 17
31049 45654 0 18 17
31260 45654 0 18 17
31471 45654 0 18 17
31682 45654 0 18 17
31893 45654 0 18 17
32105 45654 0 18 17
32317 45654 0 18 17
32528 45654 0 18 17
32740 45654 0 18 17
32952 45654 0 18 17
33163 45654 0 18 17
33375 45654 0 18 17
33588 45654 0 18 17
33799 45654 0 18 17
34011 45654 0 18 17
34223 45654 0 18 17
34434 45654 0 18 17
34645 45654 0 18 17
34856 45654 0 18 17
35067 45654 0 18 17
35279 45655 0 18 17
35490 45655 0 18 17
35702 45655 0 18 17
35914 45656 0 18 17
36126 45656 0 18 17
36338 45657 0 18 17
36549 45657 0 18 17
36761 45657 0 18 17
36972 45658 0 18 17
37183 45659 0 18 17
37395 45671 0 18 17
37607 45671 0 18 17
37820 45672 0 18 17
38031 45672 0 18 17
38243 45673 0 18 17
38454 45673 0 18 17
38666 45674 0 18 17
38877 45675 0 18 17
39088 45675 0 18 17
39299 45675 0 18 17
39511 45676 0 18 17
39723 45676 0 18 17
39934 45677 0 18 17
40147 45675 0 18 17
40359 45675 0 18 17
40573 45676 0 18 17
40784 45677 0 18 17
40996 45677 0 18 17
41208 45676 0 18 17
41419 45676 0 18 17
41631 45676 0 18 17
41843 45677 0 18 17
42054 45678 0 18 17
42266 45676 0 18 17
42479 45676 0 18 17
42691 45677 0 18 17
42903 45678 0 18 17
43114 45675 0 18 17
43325 45677 0 18 17
43537 45677 0 18 17
43749 45677 0 18 17
43960 45677 0 18 17
44171 45669 0 18 17
44382 45668 0 18 17
44592 45668 0 18 17
44805 43474 0 18 17
45017 40888 0 18 17
45229 40516 0 16 16
45440 40517 0 16 16
45652 40517 0 16 16
45863 40517 0 16 16
46074 40511 0 16 16
46286 40506 0 16 16
46498 40506 0 16 16
46709 40504 0 16 16
46920 40504 0 16 16
47131 40499 0 16 16
47343 40497 0 16 16
47554 40495 0 16 16
47766 40495 0 16 16
47977 40497 0 16 16
48188 40493 0 16 16
48399 40493 0 16 16
48612 40492 0 16 16
48823 40493 0 16 16
49035 40488 0 16 16
49248 40481 0 16 16
49460 40482 0 16 16
49671 40482 0 16 16
49883 40483 0 16 16
50095 40474 0 16 16
50308 40474 0 16 16
50520 40474 0 16 16
50731 40474 0 16 16
50943 40473 0 16 16
51155 40467 0 16 16
51367 40468 0 16 16
51579 40468 0 16 16
51791 40469 0 16 16
52003 40469 0 16 16
52215 40461 0 16 16
52427 40461 0 16 16
52639 40461 0 16 16
52851 40463 0 16 16
53062 40461 0 16 16
53274 40456 0 16 16
53485 40458 0 16 16
53697 40461 0 16 16
53908 40461 0 16 16
54119 40458 0 16 16
54331 40460 0 16 16
54543 40461 0 16 16
54755 40461 0 16 16
54966 40461 0 16 16
55178 40458 0 16 16
55389 40459 0 16 16
55600 40459 0 16 16
55811 40460 0 16 16
56024 38292 0 16 16
56236 37914 0 15 15
56448 28883 0 15 15
56659 22403 0 15 15
56871 20485 0 11 11
57082 20113 0 8 8
57294 20114 0 8 8
57506 20118 0 8 8
57718 20118 0 8 8
57929 20128 0 8 8
58576 20131 0 8 8
58787 20133 0 8 8
58997 20123 0 8 8
59209 20125 0 8 8
59419 20125 0 8 8
59630 20124 0 8 8
59842 20122 0 8 8
60054 20123 0 8 8
60266 20124 0 8 8
60477 20124 0 8 8
60688 20124 0 8 8
60900 20125 0 8 8
61111 20125 0 8 8
61322 20126 0 8 8
61533 20126 0 8 8
61745 20127 0 8 8
61956 20128 0 8 8
62170 17955 0 8 8
62382 17815 0 8 8
62594 17610 0 7 7
62806 17610 0 7 7
63016 17611 0 7 7
63227 17612 0 7 7
63439 17612 0 7 7
63649 17613 0 7 7
63860 17614 0 7 7
64071 17614 0 7 7
64283 17614 0 7 7
64494 17614 0 7 7
64706 17614 0 7 7
64918 17614 0 7 7
65129 17615 0 7 7
65341 17617 0 7 7
65556 8600 0 7 7
65768 1902 0 7 7
65981 346 0 2 2
66192 -9 0 0 0
