27452 45206 0 18 17
27663 45309 0 18 17
27876 45496 0 18 17
28088 45525 0 18 17
28298 45558 0 18 17
28510 45611 0 18 17
28721 45623 0 18 17
28932 45627 0 18 17
29143 45636 0 18 17
29353 45636 0 18 17
29564 45639 0 18 17
29775 45639 0 18 17
29986 45639 0 18 17
30197 45639 0 18 17
30407 45640 0 18 17
30619 45640 0 18 17
30831 45640 0 18 17
31042 45640 0 18 17
31253 45641 0 18 17
31464 45641 0 18 17
31675 45641 0 18 17
31886 45642 0 18 17
32097 45642 0 18 17
32308 45642 0 18 17
32518 45643 0 18 17
32728 45643 0 18 17
32940 45644 0 18 17
33151 45644 0 18 17
33363 45645 0 18 17
33573 45646 0 18 17
33784 45646 0 18 17
33996 45646 0 18 17
34206 45647 0 18 17
34417 45647 0 18 17
34628 45648 0 18 17
34839 45649 0 18 17
35050 45649 0 18 17
35260 45649 0 18 17
35471 45650 0 18 17
35683 45650 0 18 17
35894 45651 0 18 17
36105 45651 0 18 17
36316 45652 0 18 17
36527 45652 0 18 17
36738 45652 0 18 17
36949 45652 0 18 17
37160 45652 0 18 17
37371 45652 0 18 17
37583 45652 0 18 17
37795 45652 0 18 17
38006 45652 0 18 17
38217 45652 0 18 17
38428 45652 0 18 17
38639 45652 0 18 17
38851 45652 0 18 17
39061 45653 0 18 17
39273 45653 0 18 17
39483 45653 0 18 17
39693 45654 0 18 17
39905 45654 0 18 17
40116 45654 0 18 17
40327 45654 0 18 17
40538 45654 0 18 17
40750 45654 0 18 17
40960 45654 0 18 17
41172 45654 0 18 17
41384 45654 0 18 17
41595 45653 0 18 17
41806 45653 0 18 17
42017 45653 0 18 17
42228 45652 0 18 17
42440 45649 0 18 17
42651 45646 0 18 17
42862 45646 0 18 17
43074 45646 0 18 17
43286 45646 0 18 17
43497 45639 0 18 17
43708 45637 0 18 17
43919 45638 0 18 17
44131 45638 0 18 17
44342 45638 0 18 17
44553 45627 0 18 17
44764 43110 0 18 17
44977 41277 0 18 17
45188 40544 0 16 16
45401 40545 0 16 16
45614 40529 0 16 16
45828 40530 0 16 16
46040 40530 0 16 16
46253 40530 0 16 16
46465 40531 0 16 16
46679 40516 0 16 16
46893 40518 0 16 16
47105 40518 0 16 16
47317 40518 0 16 16
47530 40512 0 16 16
47742 40504 0 16 16
47957 40505 0 16 16
48170 40506 0 16 16
48382 40506 0 16 16
48595 40496 0 16 16
48808 40491 0 16 16
49020 40494 0 16 16
49233 40495 0 16 16
49446 40492 0 16 16
49659 40479 0 16 16
49871 40481 0 16 16
50084 40482 0 16 16
50296 40482 0 16 16
50509 40476 0 16 16
50721 40464 0 16 16
50934 40466 0 16 16
51147 40466 0 16 16
51360 40466 0 16 16
51572 40463 0 16 16
51786 40458 0 16 16
51998 40458 0 16 16
52210 40459 0 16 16
52421 40459 0 16 16
52634 40448 0 16 16
52845 40448 0 16 16
53058 40450 0 16 16
53271 40450 0 16 16
53485 40451 0 16 16
53697 40445 0 16 16
53910 40447 0 16 16
54124 40448 0 16 16
54337 40449 0 16 16
54551 40448 0 16 16
54764 40445 0 16 16
54978 40448 0 16 16
55189 40450 0 16 16
55402 40450 0 16 16
55616 40084 0 16 16
55830 38228 0 16 16
56043 37899 0 15 15
56259 35361 0 15 15
56471 22698 0 15 15
56684 21563 0 14 14
56897 20238 0 9 9
57109 20123 0 8 8
57322 20125 0 8 8
57534 20127 0 8 8
57746 20127 0 8 8
57958 20128 0 8 8
58169 20130 0 8 8
58382 20130 0 8 8
58595 20130 0 8 8
58808 20130 0 8 8
59019 20131 0 8 8
59232 20131 0 8 8
59444 20130 0 8 8
59656 20130 0 8 8
59869 20131 0 8 8
60081 20131 0 8 8
60294 20131 0 8 8
60505 20131 0 8 8
60718 20131 0 8 8
60930 20131 0 8 8
61142 20133 0 8 8
61354 20133 0 8 8
61566 20134 0 8 8
61778 20134 0 8 8
61991 20135 0 8 8
62203 20136 0 8 8
62416 20137 0 8 8
62628 20137 0 8 8
62840 20138 0 8 8
63052 20139 0 8 8
63264 20139 0 8 8
63475 20139 0 8 8
63687 20140 0 8 8
63899 20141 0 8 8
64111 20140 0 8 8
64323 20141 0 8 8
64535 20142 0 8 8
64748 20143 0 8 8
64961 20143 0 8 8
65174 20143 0 8 8
65386 20144 0 8 8
65600 17673 0 8 8
65816 8125 0 8 8
66032 2028 0 6 6
66246 307 0 1 1
66460 -30 0 0 0
