25337 13616 1120 18 17
25548 13758 1120 18 17
25760 13829 1120 18 17
25971 13959 1120 18 17
26183 14044 1120 18 17
26395 14056 1120 18 17
26606 14089 1120 18 17
26818 14107 1120 18 17
27029 14112 1120 18 17
27241 14116 1120 18 17
27452 14117 1120 18 17
27663 14117 1120 18 17
27874 14118 1120 18 17
28084 14118 1120 18 17
28295 14119 1120 18 17
28507 14120 1120 18 17
28719 14120 1120 18 17
28930 14121 1120 18 17
29142 14121 1120 18 17
29352 14125 1120 18 17
29563 14125 1120 18 17
29774 14125 1120 18 17
29985 14125 1120 18 17
30197 14126 1120 18 17
30409 14126 1120 18 17
30621 14126 1120 18 17
30833 14126 1120 18 17
31045 14126 1120 18 17
31258 14127 1120 18 17
31469 14128 1120 18 17
31681 14128 1120 18 17
31892 14130 1120 18 17
32103 14130 1120 18 17
32316 14130 1120 18 17
32527 14130 1120 18 17
32739 14130 1120 18 17
32951 14130 1120 18 17
33163 14130 1120 18 17
33376 14130 1120 18 17
33587 14130 1120 18 17
33799 14130 1120 18 17
34010 14130 1120 18 17
34221 14130 1120 18 17
34433 14130 1120 18 17
34645 14130 1120 18 17
34856 14131 1120 18 17
35068 14243 1232 18 17
35280 14243 1232 18 17
35491 14243 1232 18 17
35702 14243 1232 18 17
35914 14243 1232 18 17
36126 14243 1232 18 17
36337 14255 1232 18 17
36549 14255 1232 18 17
36760 14255 1232 18 17
36972 14256 1232 18 17
37183 14256 1232 18 17
37395 14256 1232 18 17
37606 14256 1232 18 17
37816 14256 1232 18 17
38028 14256 1232 18 17
38240 14256 1232 18 17
38452 14257 1232 18 17
38663 14257 1232 18 17
38874 14257 1232 18 17
39086 14257 1232 18 17
39297 14254 1232 18 17
39509 14255 1232 18 17
39720 14255 1232 18 17
39933 14255 1232 18 17
40146 14252 1232 18 17
40356 14252 1232 18 17
40567 14252 1232 18 17
40779 14252 1232 18 17
40992 14252 1232 18 17
41204 14250 1232 18 17
41414 14250 1232 18 17
41626 14251 1232 18 17
41837 14252 1232 18 17
42049 14253 1232 18 17
42260 14251 1232 18 17
42472 14252 1232 18 17
42684 14252 1232 18 17
42896 14253 1232 18 17
43106 14253 1232 18 17
43318 14252 1232 18 17
43528 14252 1232 18 17
43739 14253 1232 18 17
43951 14253 1232 18 17
44162 14252 1232 18 17
44372 14252 1232 18 17
44584 14253 1232 18 17
44797 14253 1232 18 17
45008 13520 1232 18 17
45221 12897 1232 17 16
45433 12793 1232 16 16
45644 12794 1232 16 16
45857 12795 1232 16 16
46068 12812 1232 16 16
46280 12863 1232 16 16
46492 12863 1232 16 16
46703 12894 1232 16 16
46914 12894 1232 16 16
47125 12894 1232 16 16
47337 12894 1232 16 16
47548 12894 1232 16 16
47760 12895 1232 16 16
47972 12895 1232 16 16
48182 12895 1232 16 16
48394 12895 1232 16 16
48605 12896 1232 16 16
48816 12896 1232 16 16
49028 12897 1232 16 16
49240 12897 1232 16 16
49452 12898 1232 16 16
49664 12898 1232 16 16
49875 12899 1232 16 16
50086 12899 1232 16 16
50297 12899 1232 16 16
50509 12899 1232 16 16
50721 12914 1232 16 16
50933 12915 1232 16 16
51144 12915 1232 16 16
51355 12913 1232 16 16
51567 12945 1232 16 16
51779 12960 1232 16 16
51991 12983 1232 16 16
52203 13012 1232 16 16
52416 13012 1232 16 16
52628 13011 1232 16 16
52840 13011 1232 16 16
53053 13011 1232 16 16
53265 13007 1232 16 16
53477 13007 1232 16 16
53689 12642 1232 16 16
53902 12342 1232 16 16
54115 12250 1232 15 15
54326 12248 1232 15 15
54538 12248 1232 15 15
54752 11162 1232 15 15
54964 9118 1232 14 14
55177 7695 1232 12 12
55388 7023 1232 8 8
55600 7025 1232 8 8
55813 7026 1232 8 8
56024 7026 1232 8 8
56236 7027 1232 8 8
56448 7028 1232 8 8
56659 7028 1232 8 8
56871 7032 1232 8 8
57082 7033 1232 8 8
57294 7034 1232 8 8
57506 7034 1232 8 8
57718 7034 1232 8 8
57928 7034 1232 8 8
58140 7035 1232 8 8
58352 7034 1232 8 8
58564 7035 1232 8 8
58775 7035 1232 8 8
58987 7036 1232 8 8
59198 7035 1232 8 8
59409 7035 1232 8 8
59622 7035 1232 8 8
59834 7035 1232 8 8
60045 7035 1232 8 8
60259 7035 1232 8 8
60471 7035 1232 8 8
60682 7035 1232 8 8
60894 7035 1232 8 8
61106 7035 1232 8 8
61318 7035 1232 8 8
61530 7035 1232 8 8
61741 7035 1232 8 8
61953 7035 1232 8 8
62165 7035 1232 8 8
62378 7036 1232 8 8
62589 7035 1232 8 8
62801 7035 1232 8 8
63012 7035 1232 8 8
63225 7035 1232 8 8
63436 7035 1232 8 8
63646 7035 1232 8 8
63857 7036 1232 8 8
64068 7036 1232 8 8
64279 6675 1232 8 8
64492 6513 1232 8 8
64703 6310 1232 7 7
64915 4514 1232 7 7
65127 2491 1232 5 5
65338 1324 1008 1 1
65551 -12 0 0 0
