25340 13663 1120 18 17
25550 13780 1120 18 17
25762 13823 1120 18 17
25974 13970 1120 18 17
26186 14060 1120 18 17
26398 14081 1120 18 17
26611 14128 1120 18 17
26823 14133 1120 18 17
27035 14140 1120 18 17
27245 14140 1120 18 17
27457 14140 1120 18 17
27669 14140 1120 18 17
27881 14140 1120 18 17
28092 14140 1120 18 17
28304 14140 1120 18 17
28516 14141 1120 18 17
28728 14141 1120 18 17
28940 14141 1120 18 17
29151 14141 1120 18 17
29363 14141 1120 18 17
29575 14141 1120 18 17
29787 14142 1120 18 17
29998 14142 1120 18 17
30209 14142 1120 18 17
30420 14142 1120 18 17
30631 14142 1120 18 17
30843 14143 1120 18 17
31055 14143 1120 18 17
31267 14144 1120 18 17
31478 14144 1120 18 17
31690 14161 1120 18 17
31903 14161 1120 18 17
32115 14161 1120 18 17
32327 14162 1120 18 17
32538 14162 1120 18 17
32750 14163 1120 18 17
32961 14163 1120 18 17
33172 14164 1120 18 17
33384 14165 1120 18 17
33596 14165 1120 18 17
33808 14165 1120 18 17
34018 14166 1120 18 17
34230 14166 1120 18 17
34441 14167 1120 18 17
34653 14168 1120 18 17
34864 14168 1120 18 17
35076 14280 1232 18 17
35287 14280 1232 18 17
35499 14280 1232 18 17
35710 14280 1232 18 17
35921 14280 1232 18 17
36133 14280 1232 18 17
36345 14281 1232 18 17
36558 14281 1232 18 17
36769 14282 1232 18 17
36981 14282 1232 18 17
37193 14282 1232 18 17
37405 14282 1232 18 17
37617 14282 1232 18 17
37829 14282 1232 18 17
38041 14282 1232 18 17
38253 14282 1232 18 17
38465 14282 1232 18 17
38676 14282 1232 18 17
38888 14282 1232 18 17
39100 14282 1232 18 17
39311 14282 1232 18 17
39523 14282 1232 18 17
39734 14282 1232 18 17
39945 14282 1232 18 17
40156 14282 1232 18 17
40368 14282 1232 18 17
40580 14282 1232 18 17
40790 14282 1232 18 17
41001 14282 1232 18 17
41212 14282 1232 18 17
41424 14281 1232 18 17
41636 14281 1232 18 17
41848 14282 1232 18 17
42059 14285 1232 18 17
42270 14286 1232 18 17
42481 14282 1232 18 17
42692 14282 1232 18 17
42904 14283 1232 18 17
43115 14283 1232 18 17
43325 14281 1232 18 17
43537 14280 1232 18 17
43749 14280 1232 18 17
43961 14280 1232 18 17
44173 14280 1232 18 17
44385 14275 1232 18 17
44598 14275 1232 18 17
44809 13944 1232 18 17
45022 13532 1232 18 17
45234 12917 1232 17 16
45445 12794 1232 16 16
45657 12809 1232 16 16
45869 12811 1232 16 16
46081 12842 1232 16 16
46293 12873 1232 16 16
46506 12877 1232 16 16
46716 12877 1232 16 16
46928 12878 1232 16 16
47140 12878 1232 16 16
47352 12878 1232 16 16
47563 12877 1232 16 16
47775 12877 1232 16 16
47987 12877 1232 16 16
48200 12878 1232 16 16
48411 12875 1232 16 16
48623 12875 1232 16 16
48835 12876 1232 16 16
49047 12876 1232 16 16
49260 12876 1232 16 16
49472 12874 1232 16 16
49684 12875 1232 16 16
49895 12875 1232 16 16
50106 12875 1232 16 16
50319 12874 1232 16 16
50531 12874 1232 16 16
50743 12875 1232 16 16
50954 12891 1232 16 16
51166 12906 1232 16 16
51378 12906 1232 16 16
51590 12953 1232 16 16
51801 12953 1232 16 16
52013 12954 1232 16 16
52224 13000 1232 16 16
52436 12998 1232 16 16
52647 13014 1232 16 16
52859 13014 1232 16 16
53071 13015 1232 16 16
53282 13015 1232 16 16
53494 13014 1232 16 16
53706 12657 1232 16 16
53917 12259 1232 15 15
54129 12261 1232 15 15
54340 12260 1232 15 15
54552 12260 1232 15 15
54764 11549 1232 15 15
54976 9599 1232 15 15
55188 7977 1232 13 13
55400 7061 1232 8 8
55612 7063 1232 8 8
55824 7064 1232 8 8
56035 7067 1232 8 8
56248 7063 1232 8 8
56459 7060 1232 8 8
56671 7060 1232 8 8
56883 7062 1232 8 8
57095 7062 1232 8 8
57308 7059 1232 8 8
57520 7056 1232 8 8
57732 7056 1232 8 8
57944 7056 1232 8 8
58156 7056 1232 8 8
58368 7052 1232 8 8
58579 7051 1232 8 8
58792 7051 1232 8 8
59004 7051 1232 8 8
59217 7052 1232 8 8
59429 7051 1232 8 8
59641 7051 1232 8 8
59853 7051 1232 8 8
60064 7051 1232 8 8
60275 7051 1232 8 8
60486 7050 1232 8 8
60697 7051 1232 8 8
60908 7052 1232 8 8
61119 7052 1232 8 8
61331 7053 1232 8 8
61544 7053 1232 8 8
61755 7054 1232 8 8
61967 7054 1232 8 8
62177 7055 1232 8 8
62389 7055 1232 8 8
62600 7055 1232 8 8
62811 7056 1232 8 8
63022 7056 1232 8 8
63233 7056 1232 8 8
63445 7056 1232 8 8
63656 7058 1232 8 8
63868 7058 1232 8 8
64080 6699 1232 8 8
64292 6332 1232 7 7
64504 5979 1232 7 7
64716 5252 1232 6 6
64926 3767 1232 6 6
65136 2091 1232 3 3
65347 16 0 1 1
65558 17 0 0 0
