27319 45225 0 18 17
27530 45353 0 18 17
27742 45388 0 18 17
27955 45541 0 18 17
28167 45607 0 18 17
28379 45615 0 18 17
28591 45630 0 18 17
28804 45648 0 18 17
29015 45648 0 18 17
29227 45648 0 18 17
29439 45649 0 18 17
29651 45649 0 18 17
29862 45649 0 18 17
30073 45649 0 18 17
30285 45615 0 18 17
30496 45606 0 18 17
30708 45609 0 18 17
30919 45609 0 18 17
31131 45608 0 18 17
31342 45614 0 18 17
31554 45580 0 18 17
31766 45589 0 18 17
32301 45586 0 18 17
32513 45588 0 18 17
32725 45587 0 18 17
32936 45589 0 18 17
33148 45589 0 18 17
33359 45587 0 18 17
33572 45592 0 18 17
33783 45594 0 18 17
33994 45595 0 18 17
34207 45579 0 18 17
34420 45578 0 18 17
34631 45577 0 18 17
34842 45579 0 18 17
35054 45580 0 18 17
35265 45580 0 18 17
35476 45581 0 18 17
35688 45581 0 18 17
35901 45581 0 18 17
36113 45582 0 18 17
36325 45583 0 18 17
36537 45583 0 18 17
36749 45583 0 18 17
36961 45583 0 18 17
37172 45584 0 18 17
37382 45584 0 18 17
37593 45585 0 18 17
37804 45585 0 18 17
38016 45586 0 18 17
38227 45586 0 18 17
38440 45587 0 18 17
38652 45587 0 18 17
38863 45588 0 18 17
39073 45588 0 18 17
39285 45588 0 18 17
39496 45588 0 18 17
39707 45588 0 18 17
39919 45588 0 18 17
40131 45589 0 18 17
40341 45584 0 18 17
40553 45584 0 18 17
40765 45585 0 18 17
40976 45585 0 18 17
41189 45579 0 18 17
41401 45579 0 18 17
41612 45579 0 18 17
41824 45594 0 18 17
42036 45594 0 18 17
42248 45581 0 18 17
42461 45581 0 18 17
42672 45581 0 18 17
42884 45581 0 18 17
43095 45577 0 18 17
43307 45572 0 18 17
43520 45574 0 18 17
43732 45574 0 18 17
43945 45575 0 18 17
44157 45564 0 18 17
44369 45566 0 18 17
44581 45567 0 18 17
44793 45567 0 18 17
45007 43378 0 18 17
45219 43000 0 17 17
45432 40813 0 17 17
45645 40438 0 16 16
45857 40438 0 16 16
46069 40437 0 16 16
46281 40434 0 16 16
46494 40435 0 16 16
46706 40435 0 16 16
46919 40435 0 16 16
47131 40432 0 16 16
47343 40429 0 16 16
47556 40430 0 16 16
47768 40432 0 16 16
47980 40432 0 16 16
48193 40426 0 16 16
48406 40427 0 16 16
48618 40428 0 16 16
48828 40429 0 16 16
49041 40428 0 16 16
49253 40426 0 16 16
49464 40427 0 16 16
49675 40427 0 16 16
49885 40427 0 16 16
50097 40424 0 16 16
50309 40421 0 16 16
50521 40421 0 16 16
50734 40422 0 16 16
50946 40423 0 16 16
51157 40420 0 16 16
51369 40420 0 16 16
51582 40420 0 16 16
51794 40420 0 16 16
52007 40420 0 16 16
52220 40418 0 16 16
52432 40418 0 16 16
52644 40418 0 16 16
52857 40418 0 16 16
53069 40416 0 16 16
53280 40416 0 16 16
53492 40418 0 16 16
53704 40418 0 16 16
53917 40419 0 16 16
54129 40419 0 16 16
54342 40419 0 16 16
54554 40419 0 16 16
54765 40419 0 16 16
54976 40419 0 16 16
55188 40418 0 16 16
55399 40419 0 16 16
55611 38249 0 16 16
55823 37866 0 15 15
56036 37866 0 15 15
56250 35344 0 15 15
56463 33280 0 15 15
56676 22069 0 14 14
56890 21119 0 13 13
57101 20110 0 8 8
57312 20112 0 8 8
57524 20113 0 8 8
57735 20113 0 8 8
57945 20113 0 8 8
58157 20115 0 8 8
58369 20116 0 8 8
58579 20116 0 8 8
58790 20117 0 8 8
59000 20117 0 8 8
59212 20117 0 8 8
59424 20117 0 8 8
59634 20117 0 8 8
59845 20118 0 8 8
60057 20118 0 8 8
60268 20118 0 8 8
60479 20119 0 8 8
60689 20119 0 8 8
60900 20119 0 8 8
61112 20119 0 8 8
61323 20120 0 8 8
61534 20120 0 8 8
61745 20120 0 8 8
61957 20120 0 8 8
62169 20120 0 8 8
62380 20124 0 8 8
62591 20124 0 8 8
62802 20124 0 8 8
63013 20125 0 8 8
63225 20125 0 8 8
63436 20125 0 8 8
63648 20126 0 8 8
63858 20128 0 8 8
64069 20129 0 8 8
64279 20129 0 8 8
64490 20129 0 8 8
64701 20130 0 8 8
64912 20131 0 8 8
65124 20131 0 8 8
65337 15800 0 8 8
65549 14744 0 6 6
65761 5734 0 6 6
65973 865 0 4 4
66184 -28 0 0 0
