25290 13511 1120 18 17
25501 13715 1120 18 17
25713 13807 1120 18 17
25925 13891 1120 18 17
26137 13986 1120 18 17
26350 14032 1120 18 17
26561 14036 1120 18 17
26773 14066 1120 18 17
26983 14072 1120 18 17
27194 14073 1120 18 17
27406 14073 1120 18 17
27617 14074 1120 18 17
27828 14074 1120 18 17
28041 14074 1120 18 17
28253 14075 1120 18 17
28465 14075 1120 18 17
28677 14076 1120 18 17
28889 14077 1120 18 17
29100 14077 1120 18 17
29311 14078 1120 18 17
29523 14078 1120 18 17
29734 14079 1120 18 17
29945 14079 1120 18 17
30156 14079 1120 18 17
30368 14079 1120 18 17
30580 14079 1120 18 17
30791 14079 1120 18 17
31003 14079 1120 18 17
31213 14079 1120 18 17
31424 14080 1120 18 17
31636 14084 1120 18 17
31847 14097 1120 18 17
32057 14097 1120 18 17
32269 14098 1120 18 17
32481 14099 1120 18 17
32693 14100 1120 18 17
32904 14100 1120 18 17
33115 14100 1120 18 17
33326 14101 1120 18 17
33537 14101 1120 18 17
33749 14102 1120 18 17
33959 14102 1120 18 17
34171 14103 1120 18 17
34382 14104 1120 18 17
34594 14104 1120 18 17
34805 14216 1232 18 17
35016 14216 1232 18 17
35228 14216 1232 18 17
35439 14216 1232 18 17
35651 14216 1232 18 17
35863 14216 1232 18 17
36074 14216 1232 18 17
36286 14216 1232 18 17
36496 14216 1232 18 17
36707 14216 1232 18 17
36918 14216 1232 18 17
37130 14216 1232 18 17
37341 14216 1232 18 17
37552 14216 1232 18 17
37763 14216 1232 18 17
37975 14216 1232 18 17
38186 14216 1232 18 17
38397 14216 1232 18 17
38608 14216 1232 18 17
38819 14216 1232 18 17
39030 14216 1232 18 17
39241 14216 1232 18 17
39453 14216 1232 18 17
39664 14216 1232 18 17
39876 14217 1232 18 17
40087 14218 1232 18 17
40299 14218 1232 18 17
40510 14219 1232 18 17
40722 14220 1232 18 17
40934 14220 1232 18 17
41145 14220 1232 18 17
41356 14221 1232 18 17
41566 14222 1232 18 17
41777 14222 1232 18 17
41989 14234 1232 18 17
42200 14235 1232 18 17
42410 14237 1232 18 17
42621 14237 1232 18 17
42832 14237 1232 18 17
43044 14237 1232 18 17
43256 14237 1232 18 17
43467 14237 1232 18 17
43679 14233 1232 18 17
43891 14233 1232 18 17
44103 14234 1232 18 17
44315 14234 1232 18 17
44526 14231 1232 18 17
44738 13500 1232 18 17
44949 12995 1232 18 17
45160 12752 1232 16 16
45372 12752 1232 16 16
45583 12749 1232 16 16
45795 12795 1232 16 16
46006 12826 1232 16 16
46218 12857 1232 16 16
46428 12857 1232 16 16
46640 12864 1232 16 16
46851 12864 1232 16 16
47064 12865 1232 16 16
47276 12865 1232 16 16
47488 12864 1232 16 16
47699 12864 1232 16 16
47911 12865 1232 16 16
48122 12865 1232 16 16
48334 12865 1232 16 16
48546 12866 1232 16 16
48758 12863 1232 16 16
48970 12863 1232 16 16
49183 12863 1232 16 16
49395 12863 1232 16 16
49607 12860 1232 16 16
49819 12859 1232 16 16
50031 12859 1232 16 16
50243 12859 1232 16 16
50455 12859 1232 16 16
50666 12856 1232 16 16
50879 12856 1232 16 16
51090 12887 1232 16 16
51302 12902 1232 16 16
51514 12900 1232 16 16
51726 12930 1232 16 16
51938 12945 1232 16 16
52149 12965 1232 16 16
52361 12965 1232 16 16
52573 12967 1232 16 16
52784 12965 1232 16 16
52997 12966 1232 16 16
53209 12966 1232 16 16
53422 12966 1232 16 16
53633 12966 1232 16 16
53845 12967 1232 16 16
54058 12966 1232 16 16
54270 12966 1232 16 16
54483 12603 1232 16 16
54696 12080 1232 16 16
54907 10511 1232 15 15
55120 8772 1232 14 14
55333 7129 1232 9 9
55545 7009 1232 8 8
55756 7010 1232 8 8
55969 7010 1232 8 8
56181 7011 1232 8 8
56393 7012 1232 8 8
56605 7011 1232 8 8
56816 7011 1232 8 8
57027 7012 1232 8 8
57240 7013 1232 8 8
57452 7013 1232 8 8
57665 7012 1232 8 8
57877 7012 1232 8 8
58089 7012 1232 8 8
58301 7012 1232 8 8
58513 7012 1232 8 8
58725 7012 1232 8 8
58937 7013 1232 8 8
59148 7013 1232 8 8
59361 7014 1232 8 8
59573 7014 1232 8 8
59783 7014 1232 8 8
59996 7015 1232 8 8
60207 7016 1232 8 8
60420 7017 1232 8 8
60632 7016 1232 8 8
60843 7016 1232 8 8
61055 7017 1232 8 8
61266 7017 1232 8 8
61479 7017 1232 8 8
61691 7017 1232 8 8
61902 7017 1232 8 8
62114 7017 1232 8 8
62326 7017 1232 8 8
62537 7026 1232 8 8
62750 7025 1232 8 8
62962 7025 1232 8 8
63174 7025 1232 8 8
63385 7025 1232 8 8
63598 7026 1232 8 8
63809 7026 1232 8 8
64021 7026 1232 8 8
64233 6647 1232 8 8
64446 6295 1232 7 7
64658 5628 1232 7 7
64873 5006 1232 7 7
65088 2769 1232 5 5
65299 1496 1232 1 1
65510 -27 0 0 0
