27302 45222 0 18 17
27514 45309 0 18 17
27726 45405 0 18 17
27938 45497 0 18 17
28151 45554 0 18 17
28364 45589 0 18 17
28576 45617 0 18 17
28787 45632 0 18 17
28998 45640 0 18 17
29211 45641 0 18 17
29424 45641 0 18 17
29636 45642 0 18 17
29848 45642 0 18 17
30059 45642 0 18 17
30271 45642 0 18 17
30482 45632 0 18 17
30693 45615 0 18 17
30904 45606 0 18 17
31115 45608 0 18 17
31327 45607 0 18 17
31539 45606 0 18 17
31751 45608 0 18 17
31962 45607 0 18 17
32174 45606 0 18 17
32386 45609 0 18 17
32597 45607 0 18 17
32810 45610 0 18 17
33166 45609 0 18 17
33378 45612 0 18 17
33590 45610 0 18 17
33803 45609 0 18 17
34016 45608 0 18 17
34228 45612 0 18 17
34440 45611 0 18 17
34652 45605 0 18 17
34864 45606 0 18 17
35076 45604 0 18 17
35288 45603 0 18 17
35499 45603 0 18 17
35712 45599 0 18 17
35924 45599 0 18 17
36136 45599 0 18 17
36349 45599 0 18 17
36559 45595 0 18 17
36772 45595 0 18 17
36983 45596 0 18 17
37196 45597 0 18 17
37407 45613 0 18 17
37619 45614 0 18 17
37832 45615 0 18 17
38043 45615 0 18 17
38256 45616 0 18 17
38468 45616 0 18 17
38679 45614 0 18 17
38891 45614 0 18 17
39103 45614 0 18 17
39315 45614 0 18 17
39526 45609 0 18 17
39738 45611 0 18 17
39952 45611 0 18 17
40163 45612 0 18 17
40375 45612 0 18 17
40586 45603 0 18 17
40798 45604 0 18 17
41011 45604 0 18 17
41222 45605 0 18 17
41434 45604 0 18 17
41645 45597 0 18 17
41858 45597 0 18 17
42068 45597 0 18 17
42280 45597 0 18 17
42492 45594 0 18 17
42704 45591 0 18 17
42915 45592 0 18 17
43128 45594 0 18 17
43339 45595 0 18 17
43551 45588 0 18 17
43763 45589 0 18 17
43974 45589 0 18 17
44186 45590 0 18 17
44399 45590 0 18 17
44610 45581 0 18 17
44822 43405 0 18 17
45034 40983 0 18 17
45246 40460 0 16 16
45458 40463 0 16 16
45668 40457 0 16 16
45880 40457 0 16 16
46091 40457 0 16 16
46303 40458 0 16 16
46514 40445 0 16 16
46725 40445 0 16 16
46937 40445 0 16 16
47150 40445 0 16 16
47361 40447 0 16 16
47573 40439 0 16 16
47785 40438 0 16 16
47998 40440 0 16 16
48209 40440 0 16 16
48420 40440 0 16 16
48632 40430 0 16 16
48844 40430 0 16 16
49056 40432 0 16 16
49267 40432 0 16 16
49479 40427 0 16 16
49690 40424 0 16 16
49903 40425 0 16 16
50115 40425 0 16 16
50327 40425 0 16 16
50538 40420 0 16 16
50750 40419 0 16 16
50962 40418 0 16 16
51173 40419 0 16 16
51384 40419 0 16 16
51596 40413 0 16 16
51808 40414 0 16 16
52020 40414 0 16 16
52231 40415 0 16 16
52443 40415 0 16 16
52656 40414 0 16 16
52867 40415 0 16 16
53079 40415 0 16 16
53290 40416 0 16 16
53502 40413 0 16 16
53714 40414 0 16 16
53926 40416 0 16 16
54138 40417 0 16 16
54350 40417 0 16 16
54560 40417 0 16 16
54770 40418 0 16 16
54982 40420 0 16 16
55193 40419 0 16 16
55405 40065 0 16 16
55618 38239 0 16 16
55830 37882 0 15 15
56042 37882 0 15 15
56256 33542 0 15 15
56470 27835 0 15 15
56682 21894 0 13 13
56894 20220 0 9 9
57106 20103 0 8 8
57318 20106 0 8 8
57530 20107 0 8 8
57741 20108 0 8 8
57952 20121 0 8 8
58164 20121 0 8 8
58376 20122 0 8 8
58587 20121 0 8 8
58798 20122 0 8 8
59011 20122 0 8 8
59222 20123 0 8 8
59433 20123 0 8 8
59645 20124 0 8 8
59857 20124 0 8 8
60069 20124 0 8 8
60280 20124 0 8 8
60491 20119 0 8 8
60703 20119 0 8 8
60914 20120 0 8 8
61126 20120 0 8 8
61338 20122 0 8 8
61549 20123 0 8 8
61760 20124 0 8 8
61971 20124 0 8 8
62183 20124 0 8 8
62395 20125 0 8 8
62608 20125 0 8 8
62819 20126 0 8 8
63032 20126 0 8 8
63244 20126 0 8 8
63455 20127 0 8 8
63667 20127 0 8 8
63880 20127 0 8 8
64092 20128 0 8 8
64303 20128 0 8 8
64514 20129 0 8 8
64726 20129 0 8 8
64938 20129 0 8 8
65150 20129 0 8 8
65364 17968 0 8 8
65576 16959 0 8 8
65790 6042 0 7 7
66011 1314 0 5 5
66222 -9 0 0 0
