27309 45140 0 18 17
27520 45299 0 18 17
27732 45394 0 18 17
27946 45484 0 18 17
28158 45587 0 18 17
28370 45604 0 18 17
28582 45621 0 18 17
28793 45634 0 18 17
29004 45638 0 18 17
29216 45638 0 18 17
29427 45638 0 18 17
29638 45638 0 18 17
29850 45639 0 18 17
30061 45640 0 18 17
30272 45640 0 18 17
30484 45640 0 18 17
30696 45634 0 18 17
30907 45637 0 18 17
31118 45637 0 18 17
31330 45635 0 18 17
31541 45635 0 18 17
31753 45617 0 18 17
31963 45616 0 18 17
32175 45616 0 18 17
32386 45615 0 18 17
32598 45616 0 18 17
32810 45619 0 18 17
33133 45617 0 18 17
33344 45618 0 18 17
33556 45619 0 18 17
33766 45620 0 18 17
33977 45620 0 18 17
34189 45620 0 18 17
34400 45611 0 18 17
34611 45611 0 18 17
34822 45610 0 18 17
35034 45609 0 18 17
35245 45609 0 18 17
35457 45608 0 18 17
35669 45609 0 18 17
35881 45609 0 18 17
36093 45609 0 18 17
36305 45611 0 18 17
36517 45611 0 18 17
36729 45612 0 18 17
36940 45613 0 18 17
37152 45613 0 18 17
37363 45614 0 18 17
37574 45614 0 18 17
37785 45614 0 18 17
37998 45614 0 18 17
38209 45614 0 18 17
38422 45615 0 18 17
38632 45615 0 18 17
38844 45616 0 18 17
39055 45616 0 18 17
39267 45613 0 18 17
39478 45614 0 18 17
39690 45614 0 18 17
39902 45615 0 18 17
40113 45615 0 18 17
40324 45613 0 18 17
40535 45613 0 18 17
40746 45614 0 18 17
40958 45615 0 18 17
41167 45615 0 18 17
41378 45611 0 18 17
41590 45611 0 18 17
41802 45612 0 18 17
42013 45613 0 18 17
42224 45613 0 18 17
42436 45610 0 18 17
42648 45611 0 18 17
42860 45613 0 18 17
43071 45614 0 18 17
43283 45610 0 18 17
43495 45612 0 18 17
43708 45612 0 18 17
43920 45612 0 18 17
44131 45613 0 18 17
44343 45251 0 18 17
44555 43426 0 18 17
44769 40869 0 17 16
44979 40512 0 16 16
45191 40506 0 16 16
45403 40502 0 16 16
45615 40502 0 16 16
45827 40503 0 16 16
46038 40503 0 16 16
46250 40495 0 16 16
46461 40493 0 16 16
46672 40493 0 16 16
46883 40493 0 16 16
47095 40494 0 16 16
47306 40484 0 16 16
47518 40485 0 16 16
47729 40487 0 16 16
47940 40487 0 16 16
48152 40487 0 16 16
48363 40480 0 16 16
48574 40478 0 16 16
48787 40477 0 16 16
48999 40478 0 16 16
49212 40477 0 16 16
49424 40469 0 16 16
49636 40470 0 16 16
49848 40470 0 16 16
50060 40470 0 16 16
50271 40459 0 16 16
50483 40459 0 16 16
50695 40460 0 16 16
50907 40461 0 16 16
51119 40462 0 16 16
51330 40452 0 16 16
51542 40452 0 16 16
51753 40453 0 16 16
51965 40453 0 16 16
52176 40453 0 16 16
52387 40446 0 16 16
52599 40448 0 16 16
52809 40448 0 16 16
53021 40448 0 16 16
53232 40445 0 16 16
53444 40445 0 16 16
53655 40446 0 16 16
53866 40447 0 16 16
54077 40447 0 16 16
54289 40444 0 16 16
54501 40443 0 16 16
54712 40443 0 16 16
54923 40443 0 16 16
55134 40443 0 16 16
55346 40439 0 16 16
55557 40438 0 16 16
55769 40439 0 16 16
55980 40440 0 16 16
56194 37957 0 16 16
56406 29073 0 16 16
56624 22123 0 15 15
56837 20380 0 10 10
57048 20114 0 8 8
57261 20116 0 8 8
57473 20116 0 8 8
57684 20116 0 8 8
57896 20123 0 8 8
58107 20123 0 8 8
58317 20123 0 8 8
58528 20121 0 8 8
58739 20121 0 8 8
58951 20121 0 8 8
59162 20121 0 8 8
59374 20120 0 8 8
59585 20119 0 8 8
59796 20119 0 8 8
60007 20119 0 8 8
60218 20119 0 8 8
60430 20120 0 8 8
60642 20120 0 8 8
60854 20121 0 8 8
61066 20121 0 8 8
61277 20121 0 8 8
61488 20122 0 8 8
61701 20122 0 8 8
61912 20122 0 8 8
62122 20122 0 8 8
62333 20122 0 8 8
62545 20122 0 8 8
62757 20122 0 8 8
62970 20121 0 8 8
63181 20122 0 8 8
63392 20122 0 8 8
63605 20122 0 8 8
63817 20122 0 8 8
64029 20123 0 8 8
64242 20123 0 8 8
64454 20125 0 8 8
64665 20125 0 8 8
64878 17965 0 8 8
65090 17720 0 8 8
65301 17305 0 7 7
65516 13279 0 7 7
65729 8954 0 5 5
65944 1589 0 5 5
66155 323 0 1 1
66367 -8 0 0 0
