25280 13523 1120 18 17
25492 13774 1120 18 17
25703 13841 1120 18 17
25915 13905 1120 18 17
26128 14009 1120 18 17
26341 14067 1120 18 17
26553 14086 1120 18 17
26765 14098 1120 18 17
26978 14108 1120 18 17
27190 14109 1120 18 17
27401 14109 1120 18 17
27613 14109 1120 18 17
27825 14109 1120 18 17
28036 14109 1120 18 17
28248 14109 1120 18 17
28459 14109 1120 18 17
28671 14109 1120 18 17
28882 14110 1120 18 17
29093 14110 1120 18 17
29305 14110 1120 18 17
29517 14110 1120 18 17
29728 14110 1120 18 17
29939 14110 1120 18 17
30151 14110 1120 18 17
30363 14110 1120 18 17
30575 14110 1120 18 17
30787 14110 1120 18 17
30997 14110 1120 18 17
31208 14111 1120 18 17
31420 14113 1120 18 17
31631 14113 1120 18 17
31842 14129 1120 18 17
32055 14129 1120 18 17
32266 14129 1120 18 17
32478 14129 1120 18 17
32690 14129 1120 18 17
32901 14129 1120 18 17
33113 14129 1120 18 17
33325 14129 1120 18 17
33536 14129 1120 18 17
33747 14130 1120 18 17
33959 14130 1120 18 17
34170 14130 1120 18 17
34382 14130 1120 18 17
34594 14130 1120 18 17
34804 14242 1232 18 17
35015 14242 1232 18 17
35226 14242 1232 18 17
35436 14242 1232 18 17
35647 14243 1232 18 17
35859 14243 1232 18 17
36071 14244 1232 18 17
36283 14244 1232 18 17
36494 14245 1232 18 17
36705 14245 1232 18 17
36916 14246 1232 18 17
37127 14247 1232 18 17
37339 14247 1232 18 17
37550 14248 1232 18 17
37761 14248 1232 18 17
37973 14249 1232 18 17
38184 14249 1232 18 17
38396 14250 1232 18 17
38607 14251 1232 18 17
38818 14251 1232 18 17
39030 14252 1232 18 17
39242 14252 1232 18 17
39454 14252 1232 18 17
39666 14253 1232 18 17
39878 14254 1232 18 17
40088 14253 1232 18 17
40301 14254 1232 18 17
40513 14254 1232 18 17
40724 14254 1232 18 17
40935 14255 1232 18 17
41147 14252 1232 18 17
41358 14254 1232 18 17
41570 14254 1232 18 17
41782 14255 1232 18 17
41994 14259 1232 18 17
42203 14256 1232 18 17
42415 14257 1232 18 17
42626 14257 1232 18 17
42837 14257 1232 18 17
43047 14257 1232 18 17
43259 14254 1232 18 17
43470 14254 1232 18 17
43681 14254 1232 18 17
43892 14254 1232 18 17
44103 14252 1232 18 17
44315 14252 1232 18 17
44528 13894 1232 18 17
44742 13253 1232 18 17
44955 13038 1232 17 17
45167 12759 1232 16 16
45380 12759 1232 16 16
45591 12759 1232 16 16
45803 12821 1232 16 16
46015 12835 1232 16 16
46226 12864 1232 16 16
46438 12865 1232 16 16
46649 12881 1232 16 16
46862 12881 1232 16 16
47072 12878 1232 16 16
47284 12878 1232 16 16
47495 12878 1232 16 16
47707 12878 1232 16 16
47920 12879 1232 16 16
48132 12873 1232 16 16
48344 12873 1232 16 16
48556 12873 1232 16 16
48766 12873 1232 16 16
48978 12873 1232 16 16
49191 12871 1232 16 16
49402 12871 1232 16 16
49613 12871 1232 16 16
49824 12871 1232 16 16
50036 12868 1232 16 16
50248 12869 1232 16 16
50460 12885 1232 16 16
50672 12885 1232 16 16
50884 12885 1232 16 16
51095 12899 1232 16 16
51307 12899 1232 16 16
51518 12915 1232 16 16
51730 12931 1232 16 16
51942 12947 1232 16 16
52155 12975 1232 16 16
52368 12991 1232 16 16
52579 12993 1232 16 16
52791 12995 1232 16 16
53002 12996 1232 16 16
53214 12996 1232 16 16
53426 12996 1232 16 16
53638 12996 1232 16 16
53848 12996 1232 16 16
54060 12996 1232 16 16
54271 12995 1232 16 16
54483 12626 1232 16 16
54697 11890 1232 15 15
54909 10541 1232 15 15
55121 8276 1232 13 13
55334 7037 1232 8 8
55547 7038 1232 8 8
55758 7040 1232 8 8
55969 7040 1232 8 8
56182 7040 1232 8 8
56394 7042 1232 8 8
56605 7042 1232 8 8
56816 7042 1232 8 8
57027 7042 1232 8 8
57240 7041 1232 8 8
57452 7040 1232 8 8
57663 7041 1232 8 8
57874 7041 1232 8 8
58085 7041 1232 8 8
58296 7040 1232 8 8
58508 7040 1232 8 8
58719 7041 1232 8 8
58930 7042 1232 8 8
59142 7042 1232 8 8
59354 7043 1232 8 8
59566 7044 1232 8 8
59779 7044 1232 8 8
59991 7045 1232 8 8
60203 7045 1232 8 8
60414 7045 1232 8 8
60627 7046 1232 8 8
60838 7046 1232 8 8
61048 7048 1232 8 8
61259 7048 1232 8 8
61471 7047 1232 8 8
61682 7049 1232 8 8
61893 7049 1232 8 8
62104 7049 1232 8 8
62316 7049 1232 8 8
62527 7056 1232 8 8
62739 7056 1232 8 8
62950 7056 1232 8 8
63163 7056 1232 8 8
63374 7056 1232 8 8
63585 7056 1232 8 8
63797 7056 1232 8 8
64010 6742 1232 8 8
64222 6681 1232 8 8
64435 6328 1232 7 7
64649 5958 1232 7 7
64862 4611 1232 7 7
65075 2666 1232 4 4
65287 1331 1232 1 1
65499 -14 0 0 0
