34643 57757 0 23 11
34855 57928 0 23 11
35067 57949 0 23 11
35279 57914 0 23 11
35773 58151 0 23 11
35985 58187 0 23 11
36197 58216 0 23 11
36409 58226 0 23 11
36621 58230 0 23 11
36834 58245 0 23 11
37046 58248 0 23 11
37258 58254 0 23 11
37471 58256 0 23 11
37682 58255 0 23 11
37894 58254 0 23 11
38107 58258 0 23 11
38319 58256 0 23 11
38530 58259 0 23 11
38741 58258 0 23 11
38953 58260 0 23 11
39165 58260 0 23 11
39377 58260 0 23 11
39589 58261 0 23 11
39800 58263 0 23 11
40011 58262 0 23 11
40223 58261 0 23 11
40435 58264 0 23 11
40645 58264 0 23 11
41992 58264 0 23 11
42205 58265 0 23 11
42417 58264 0 23 11
42629 58264 0 23 11
42842 58263 0 23 11
43053 58266 0 23 11
43265 58266 0 23 11
43478 58265 0 23 11
43691 58265 0 23 11
43903 58264 0 23 11
44115 58262 0 23 11
44327 58265 0 23 11
44538 58266 0 23 11
44750 58267 0 23 11
44962 58267 0 23 11
45174 58268 0 23 11
45385 58267 0 23 11
45598 58267 0 23 11
45810 58270 0 23 11
46023 58271 0 23 11
46236 58270 0 23 11
46448 58270 0 23 11
46659 58251 0 23 11
46871 58254 0 23 11
47083 58252 0 23 11
47295 58258 0 23 11
47507 58256 0 23 11
47719 58255 0 23 11
47930 58258 0 23 11
48141 58257 0 23 11
48352 58256 0 23 11
48563 58258 0 23 11
48775 58256 0 23 11
48987 58255 0 23 11
49199 58252 0 23 11
49410 58256 0 23 11
49622 58255 0 23 11
49833 58257 0 23 11
50045 58256 0 23 11
50257 58253 0 23 11
50469 58253 0 23 11
50681 58253 0 23 11
50893 58255 0 23 11
51105 58255 0 23 11
51317 58247 0 23 11
51529 58249 0 23 11
51741 58249 0 23 11
51953 58249 0 23 11
52165 58248 0 23 11
52376 58234 0 23 11
52588 58233 0 23 11
52800 58235 0 23 11
53011 58236 0 23 11
53223 58234 0 23 11
53435 58234 0 23 11
53646 58234 0 23 11
53858 58236 0 23 11
54070 58238 0 23 11
54282 58235 0 23 11
54495 58233 0 23 11
54706 58233 0 23 11
54918 58233 0 23 11
55131 58234 0 23 11
55341 58230 0 23 11
55552 58231 0 23 11
55765 58231 0 23 11
55977 58232 0 23 11
56189 58228 0 23 11
56401 58225 0 23 11
56613 58224 0 23 11
57628 58220 0 23 11
57840 58220 0 23 11
58051 58223 0 23 11
58263 58223 0 23 11
58475 58217 0 23 11
58687 58222 0 23 11
58899 58224 0 23 11
59111 58224 0 23 11
59323 58221 0 23 11
59535 58214 0 23 11
59746 58214 0 23 11
59958 58217 0 23 11
60170 58215 0 23 11
60382 58200 0 23 11
60594 58205 0 23 11
60806 58204 0 23 11
61019 58205 0 23 11
61230 58202 0 23 11
61443 58202 0 23 11
61655 58201 0 23 11
61867 58201 0 23 11
62081 58201 0 23 11
62836 58192 0 23 11
63047 58192 0 23 11
63259 58187 0 23 11
63471 58187 0 23 11
63683 58187 0 23 11
63895 58186 0 23 11
64107 58186 0 23 11
64319 58180 0 23 11
64530 58179 0 23 11
64741 58180 0 23 11
64953 58180 0 23 11
65166 58180 0 23 11
65378 57516 0 23 11
65591 53800 0 23 11
65804 53079 0 21 9
66016 50907 0 21 9
66229 50662 0 21 9
66440 50542 0 20 9
66652 50542 0 20 9
66864 50543 0 20 9
67075 50543 0 20 9
67287 50543 0 20 9
67499 50544 0 20 9
67711 50545 0 20 9
67922 50546 0 20 9
68134 50546 0 20 9
68344 50546 0 20 9
68555 50546 0 20 9
68767 50548 0 20 9
68978 50548 0 20 9
69189 50548 0 20 9
69401 50548 0 20 9
69614 50548 0 20 9
69826 50549 0 20 9
70038 50550 0 20 9
70250 50550 0 20 9
70461 50551 0 20 9
70673 50551 0 20 9
70885 50552 0 20 9
71098 50552 0 20 9
71309 50552 0 20 9
71522 48381 0 20 9
71736 47724 0 19 8
71948 45852 0 19 8
72161 45145 0 18 7
72374 41135 0 18 7
72586 40427 0 16 5
72798 40429 0 16 5
73010 40429 0 16 5
73222 40429 0 16 5
73434 40429 0 16 5
73646 40430 0 16 5
73858 40430 0 16 5
74070 40430 0 16 5
74281 40431 0 16 5
74494 40431 0 16 5
74707 40431 0 16 5
74918 40431 0 16 5
75131 40430 0 16 5
75344 40430 0 16 5
75555 40430 0 16 5
75766 40430 0 16 5
75978 40430 0 16 5
76190 40430 0 16 5
76403 40431 0 16 5
76615 40431 0 16 5
76826 40431 0 16 5
77037 40432 0 16 5
77250 40432 0 16 5
77461 40432 0 16 5
77673 40432 0 16 5
77885 40434 0 16 5
78097 40434 0 16 5
78309 40434 0 16 5
78521 40434 0 16 5
78733 40434 0 16 5
78945 40434 0 16 5
79158 40434 0 16 5
79369 40435 0 16 5
79581 40065 0 16 5
79794 38234 0 16 5
80007 37890 0 15 4
80219 37892 0 15 4
80431 37893 0 15 4
80643 37894 0 15 4
80854 37894 0 15 4
81065 37895 0 15 4
81277 37895 0 15 4
81488 37895 0 15 4
81699 37896 0 15 4
81912 37896 0 15 4
82123 37896 0 15 4
82335 37896 0 15 4
82547 37897 0 15 4
82758 37898 0 15 4
82970 37898 0 15 4
83182 37899 0 15 4
83394 37898 0 15 4
83606 37898 0 15 4
83818 37897 0 15 4
84030 37897 0 15 4
84242 37897 0 15 4
84453 37897 0 15 4
84666 37897 0 15 4
84878 37897 0 15 4
85090 37897 0 15 4
85301 37897 0 15 4
85513 37897 0 15 4
85725 37897 0 15 4
85937 37897 0 15 4
86149 37897 0 15 4
86360 37898 0 15 4
86573 37898 0 15 4
86783 37899 0 15 4
86995 37897 0 15 4
87206 37897 0 15 4
87419 37898 0 15 4
87631 37898 0 15 4
87843 37898 0 15 4
88055 37898 0 15 4
88267 37898 0 15 4
88479 37898 0 15 4
88691 37898 0 15 4
88902 37898 0 15 4
89115 37898 0 15 4
89328 37898 0 15 4
89540 37898 0 15 4
89752 31397 0 15 4
89966 30547 0 14 3
90178 30339 0 12 1
90391 28160 0 12 1
90604 27819 0 11 0
91321 27820 0 11 0
91534 27820 0 11 0
91747 27821 0 11 0
91960 27821 0 11 0
92172 27821 0 11 0
92384 27822 0 11 0
92597 27822 0 11 0
92810 27823 0 11 0
93022 27823 0 11 0
93234 27823 0 11 0
93446 27822 0 11 0
93658 27822 0 11 0
93871 27822 0 11 0
94083 27823 0 11 0
94295 27823 0 11 0
94506 27823 0 11 0
94718 27823 0 11 0
94930 27823 0 11 0
95142 27824 0 11 0
95354 27824 0 11 0
95564 27823 0 11 0
95777 27824 0 11 0
95989 27824 0 11 0
96200 27825 0 11 0
96412 27825 0 11 0
96624 27825 0 11 0
96835 27825 0 11 0
97047 27826 0 11 0
97259 27825 0 11 0
97471 27826 0 11 0
97684 27826 0 11 0
97898 27827 0 11 0
98110 27827 0 11 0
98322 27828 0 11 0
98535 27826 0 11 0
98746 27828 0 11 0
98957 27828 0 11 0
99169 27828 0 11 0
99381 27829 0 11 0
99593 27829 0 11 0
99806 25646 0 11 0
100019 25404 0 11 0
100231 25288 0 10 0
100443 25287 0 10 0
100654 25286 0 10 0
100868 25286 0 10 0
101079 25286 0 10 0
101292 25286 0 10 0
101505 25286 0 10 0
101718 25286 0 10 0
101929 25286 0 10 0
102142 25286 0 10 0
102355 25286 0 10 0
102567 25287 0 10 0
102779 25288 0 10 0
102993 24625 0 10 0
103207 16589 0 10 0
103420 15384 0 8 0
103631 15116 0 6 0
103843 15118 0 6 0
104055 15119 0 6 0
104266 15120 0 6 0
104478 15121 0 6 0
104689 15121 0 6 0
104900 15122 0 6 0
105111 15122 0 6 0
105322 15124 0 6 0
105533 15124 0 6 0
105745 15124 0 6 0
105956 15125 0 6 0
106167 15125 0 6 0
106377 15126 0 6 0
106589 15127 0 6 0
106800 15127 0 6 0
107011 15127 0 6 0
107222 15128 0 6 0
107433 15128 0 6 0
107645 15128 0 6 0
107857 15129 0 6 0
108068 15129 0 6 0
108279 15129 0 6 0
108490 15130 0 6 0
108700 15131 0 6 0
108911 15131 0 6 0
109122 15131 0 6 0
109333 15133 0 6 0
109544 15133 0 6 0
109755 15134 0 6 0
109967 15135 0 6 0
110178 15135 0 6 0
110390 15136 0 6 0
110601 15137 0 6 0
110812 15137 0 6 0
111023 15137 0 6 0
111234 15138 0 6 0
111446 15138 0 6 0
111657 15138 0 6 0
111867 15139 0 6 0
112079 15139 0 6 0
112290 15139 0 6 0
112502 15140 0 6 0
112713 15140 0 6 0
112926 15142 0 6 0
113137 15142 0 6 0
113349 15142 0 6 0
113562 15142 0 6 0
113773 15142 0 6 0
113985 15142 0 6 0
114195 15142 0 6 0
114407 15142 0 6 0
114619 15142 0 6 0
114829 15143 0 6 0
115041 15142 0 6 0
115253 15142 0 6 0
115464 15143 0 6 0
115677 15143 0 6 0
115889 15143 0 6 0
116100 15143 0 6 0
116311 15144 0 6 0
116523 15144 0 6 0
116734 15144 0 6 0
116946 15144 0 6 0
117158 15145 0 6 0
117370 15145 0 6 0
117582 15145 0 6 0
117795 15146 0 6 0
118006 15147 0 6 0
118218 15147 0 6 0
118430 15148 0 6 0
118643 15149 0 6 0
118855 15149 0 6 0
119067 15149 0 6 0
119279 15149 0 6 0
119489 15148 0 6 0
119702 15149 0 6 0
119913 15149 0 6 0
120125 15149 0 6 0
120336 15150 0 6 0
120548 15151 0 6 0
120761 15151 0 6 0
120973 15151 0 6 0
121186 15151 0 6 0
121397 15152 0 6 0
121608 15152 0 6 0
121820 15153 0 6 0
122031 15153 0 6 0
122243 15154 0 6 0
122455 15154 0 6 0
122666 15155 0 6 0
122879 15156 0 6 0
123090 15156 0 6 0
123301 15156 0 6 0
123514 15156 0 6 0
123726 15157 0 6 0
123937 15157 0 6 0
124150 15157 0 6 0
124361 15158 0 6 0
124574 15158 0 6 0
124786 15158 0 6 0
124998 15159 0 6 0
125210 15159 0 6 0
125421 15159 0 6 0
125632 15159 0 6 0
125845 15159 0 6 0
126056 15159 0 6 0
126268 15160 0 6 0
126480 15160 0 6 0
126692 15161 0 6 0
126904 15161 0 6 0
127115 15162 0 6 0
127327 15162 0 6 0
127538 15163 0 6 0
127751 15163 0 6 0
127963 15164 0 6 0
128174 15165 0 6 0
128385 15165 0 6 0
128598 15166 0 6 0
128810 15165 0 6 0
129022 15165 0 6 0
129233 15166 0 6 0
129443 15166 0 6 0
129655 15167 0 6 0
129867 15167 0 6 0
130078 15168 0 6 0
130290 15168 0 6 0
130503 15168 0 6 0
130714 15169 0 6 0
130925 15170 0 6 0
131136 15170 0 6 0
131348 15171 0 6 0
131559 15170 0 6 0
131770 15171 0 6 0
131981 15171 0 6 0
132192 15172 0 6 0
132404 15172 0 6 0
132615 15172 0 6 0
132827 15173 0 6 0
133038 15173 0 6 0
133249 15175 0 6 0
133461 15175 0 6 0
133672 15176 0 6 0
133883 15176 0 6 0
134095 15176 0 6 0
134306 15177 0 6 0
134516 15177 0 6 0
134727 15178 0 6 0
134939 15178 0 6 0
135151 15178 0 6 0
135363 15178 0 6 0
135575 15178 0 6 0
135787 15179 0 6 0
135999 15179 0 6 0
136211 15179 0 6 0
136423 15180 0 6 0
136634 15180 0 6 0
136846 15180 0 6 0
137058 15180 0 6 0
137270 15181 0 6 0
137481 15182 0 6 0
137694 15182 0 6 0
137906 13000 0 6 0
138118 10454 0 5 0
138330 10113 0 4 0
138542 10113 0 4 0
138751 10114 0 4 0
138962 10113 0 4 0
139175 10113 0 4 0
139387 10113 0 4 0
139599 10112 0 4 0
139810 10112 0 4 0
140022 10112 0 4 0
140234 10111 0 4 0
140446 10111 0 4 0
140658 10112 0 4 0
140870 10112 0 4 0
141081 10112 0 4 0
141294 7924 0 4 0
141508 4768 0 3 0
141722 978 0 3 0
141934 14 0 0 0
