31702 18457 2240 23 11
31913 18616 2240 23 11
32125 18644 2240 23 11
32337 18662 2240 23 11
32550 18767 2240 23 11
32762 18847 2240 23 11
32973 18903 2240 23 11
33186 18955 2240 23 11
33398 18968 2240 23 11
33611 18972 2240 23 11
33823 18984 2240 23 11
34036 18995 2240 23 11
34248 19007 2240 23 11
34460 19007 2240 23 11
34672 19007 2240 23 11
34883 19007 2240 23 11
35095 19007 2240 23 11
35306 19007 2240 23 11
35518 19007 2240 23 11
35730 19007 2240 23 11
35942 19007 2240 23 11
36155 19007 2240 23 11
36366 19007 2240 23 11
36578 19007 2240 23 11
36790 19007 2240 23 11
37001 19008 2240 23 11
37212 19008 2240 23 11
37424 19009 2240 23 11
37635 19009 2240 23 11
37847 19010 2240 23 11
38058 19011 2240 23 11
38271 19011 2240 23 11
38483 19012 2240 23 11
38696 19012 2240 23 11
38907 19013 2240 23 11
39119 19014 2240 23 11
39331 19014 2240 23 11
39542 19015 2240 23 11
39754 19015 2240 23 11
39967 19016 2240 23 11
40179 19016 2240 23 11
40391 19017 2240 23 11
40603 19017 2240 23 11
40815 19017 2240 23 11
41028 19017 2240 23 11
41240 19017 2240 23 11
41452 19018 2240 23 11
41664 19018 2240 23 11
41876 19018 2240 23 11
42087 19019 2240 23 11
42300 19019 2240 23 11
42513 19019 2240 23 11
42726 19020 2240 23 11
42938 19020 2240 23 11
43150 19020 2240 23 11
43361 19021 2240 23 11
43572 19021 2240 23 11
43784 19022 2240 23 11
43997 19022 2240 23 11
44208 19022 2240 23 11
44419 19022 2240 23 11
44631 19022 2240 23 11
44843 19022 2240 23 11
45055 19022 2240 23 11
45267 19022 2240 23 11
45479 19023 2240 23 11
45691 19023 2240 23 11
45902 19024 2240 23 11
46114 19025 2240 23 11
46326 19025 2240 23 11
46538 19025 2240 23 11
46750 19026 2240 23 11
46962 19026 2240 23 11
47173 19027 2240 23 11
47385 19027 2240 23 11
47597 19028 2240 23 11
47809 19029 2240 23 11
48021 19029 2240 23 11
48232 19030 2240 23 11
48444 19031 2240 23 11
48656 19031 2240 23 11
48868 19031 2240 23 11
49080 19033 2240 23 11
49290 19033 2240 23 11
49501 19033 2240 23 11
49712 19033 2240 23 11
49924 19033 2240 23 11
50135 19033 2240 23 11
50347 19033 2240 23 11
50559 19034 2240 23 11
50769 19146 2352 23 11
50981 19147 2352 23 11
51193 19147 2352 23 11
51404 19147 2352 23 11
51615 19147 2352 23 11
51827 19147 2352 23 11
52038 19147 2352 23 11
52250 19147 2352 23 11
52462 19147 2352 23 11
52674 19145 2352 23 11
52886 19145 2352 23 11
53097 19146 2352 23 11
53308 19146 2352 23 11
53520 19146 2352 23 11
53732 19146 2352 23 11
53944 19147 2352 23 11
54155 19147 2352 23 11
54367 19148 2352 23 11
54578 19146 2352 23 11
54790 19147 2352 23 11
55002 19147 2352 23 11
55215 19146 2352 23 11
55426 19146 2352 23 11
55638 19143 2352 23 11
55850 19143 2352 23 11
56062 19143 2352 23 11
56274 19142 2352 23 11
56486 19141 2352 23 11
56697 19140 2352 23 11
56908 19140 2352 23 11
57120 19139 2352 23 11
57332 19139 2352 23 11
57544 19139 2352 23 11
57756 19138 2352 23 11
57968 19137 2352 23 11
58179 19135 2352 23 11
58391 19136 2352 23 11
58603 19135 2352 23 11
58814 19135 2352 23 11
59025 19135 2352 23 11
59237 19135 2352 23 11
59449 19135 2352 23 11
59661 19134 2352 23 11
59873 19134 2352 23 11
60084 19134 2352 23 11
60297 19133 2352 23 11
60509 19133 2352 23 11
60719 19133 2352 23 11
60932 19132 2352 23 11
61143 19133 2352 23 11
61355 19132 2352 23 11
61567 19132 2352 23 11
61777 19133 2352 23 11
61989 19133 2352 23 11
62201 19133 2352 23 11
62412 19134 2352 23 11
62623 17990 2352 23 11
62835 17139 2352 21 9
63046 16898 2352 20 9
63258 16900 2352 20 9
63469 16901 2352 20 9
63682 16901 2352 20 9
63894 16902 2352 20 9
64106 16902 2352 20 9
64318 16903 2352 20 9
64529 16904 2352 20 9
64741 16904 2352 20 9
64953 16905 2352 20 9
65165 16906 2352 20 9
65377 16906 2352 20 9
65588 16906 2352 20 9
65800 16907 2352 20 9
66012 16908 2352 20 9
66223 16908 2352 20 9
66435 16908 2352 20 9
66647 16909 2352 20 9
66859 16909 2352 20 9
67071 16909 2352 20 9
67284 16909 2352 20 9
67496 16909 2352 20 9
67708 16909 2352 20 9
67919 16908 2352 20 9
68130 16550 2352 20 9
68341 16171 2352 19 8
68553 16171 2352 19 8
68767 15478 2352 19 8
68982 14866 2352 19 8
69194 13956 2352 16 5
69407 13957 2352 16 5
69619 13957 2352 16 5
69831 13957 2352 16 5
70043 13957 2352 16 5
70255 13957 2352 16 5
70466 13957 2352 16 5
70680 13957 2352 16 5
70892 13957 2352 16 5
71103 13957 2352 16 5
71315 13957 2352 16 5
71527 13957 2352 16 5
71739 13957 2352 16 5
71950 13957 2352 16 5
72161 13957 2352 16 5
72372 13957 2352 16 5
72584 13957 2352 16 5
72795 13957 2352 16 5
73006 13957 2352 16 5
73219 13957 2352 16 5
73429 13958 2352 16 5
73640 13957 2352 16 5
73851 13958 2352 16 5
74063 13958 2352 16 5
74275 13958 2352 16 5
74486 13958 2352 16 5
74699 13959 2352 16 5
74910 13959 2352 16 5
75121 13960 2352 16 5
75332 13960 2352 16 5
75544 13961 2352 16 5
75754 13961 2352 16 5
75965 13962 2352 16 5
76177 13963 2352 16 5
76389 13963 2352 16 5
76601 13963 2352 16 5
76813 13964 2352 16 5
77025 13964 2352 16 5
77236 13964 2352 16 5
77448 13965 2352 16 5
77660 13966 2352 16 5
77872 13966 2352 16 5
78085 13965 2352 16 5
78297 13612 2352 16 5
78508 13585 2352 16 5
78720 13245 2352 15 4
78932 13246 2352 15 4
79144 13246 2352 15 4
79355 13247 2352 15 4
79567 13247 2352 15 4
79779 13247 2352 15 4
79990 13248 2352 15 4
80202 13248 2352 15 4
80415 13248 2352 15 4
80628 13249 2352 15 4
80840 13250 2352 15 4
81051 13250 2352 15 4
81263 13251 2352 15 4
81476 13251 2352 15 4
81687 13251 2352 15 4
81898 13251 2352 15 4
82109 13252 2352 15 4
82321 13252 2352 15 4
82532 13253 2352 15 4
82743 13253 2352 15 4
82956 13253 2352 15 4
83166 13253 2352 15 4
83378 13254 2352 15 4
83589 13256 2352 15 4
83802 13256 2352 15 4
84012 13256 2352 15 4
84224 13257 2352 15 4
84435 13258 2352 15 4
84648 13258 2352 15 4
84859 13258 2352 15 4
85071 13259 2352 15 4
85284 13259 2352 15 4
85495 13259 2352 15 4
85707 13260 2352 15 4
85919 13260 2352 15 4
86130 13259 2352 15 4
86341 13260 2352 15 4
86552 12900 2352 15 4
86765 12640 2352 15 4
86978 12536 2352 14 3
87190 11448 2352 14 3
87402 10821 2128 13 2
87615 9694 1680 11 0
88333 9696 1680 11 0
88545 9696 1680 11 0
88757 9695 1680 11 0
88970 9695 1680 11 0
89182 9695 1680 11 0
89394 9703 1680 11 0
89606 9703 1680 11 0
89819 9702 1680 11 0
90032 9702 1680 11 0
90244 9702 1680 11 0
90456 9702 1680 11 0
90668 9703 1680 11 0
90879 9703 1680 11 0
91091 9706 1680 11 0
91303 9705 1680 11 0
91515 9705 1680 11 0
91728 9704 1680 11 0
91940 9705 1680 11 0
92152 9705 1680 11 0
92364 9705 1680 11 0
92576 9706 1680 11 0
92787 9706 1680 11 0
92999 9706 1680 11 0
93211 9707 1680 11 0
93422 9707 1680 11 0
93635 9707 1680 11 0
93846 9707 1680 11 0
94057 9707 1680 11 0
94268 9708 1680 11 0
94479 9708 1680 11 0
94691 9708 1680 11 0
94902 9708 1680 11 0
95113 9708 1680 11 0
95324 9708 1680 11 0
95535 9708 1680 11 0
95747 9708 1680 11 0
95959 9708 1680 11 0
96170 9708 1680 11 0
96382 9708 1680 11 0
96593 9708 1680 11 0
96805 9708 1680 11 0
97017 9338 1680 11 0
97231 9086 1680 11 0
97444 8953 1680 10 0
97656 8953 1680 10 0
97869 8955 1680 10 0
98080 8955 1680 10 0
98292 8955 1680 10 0
98503 8955 1680 10 0
98715 8955 1680 10 0
98926 8955 1680 10 0
99139 8955 1680 10 0
99352 8955 1680 10 0
99563 8955 1680 10 0
99777 8285 1680 10 0
99991 7100 1680 9 0
100204 5972 1680 6 0
100417 5975 1680 6 0
100629 5975 1680 6 0
100842 5975 1680 6 0
101054 5975 1680 6 0
101265 5976 1680 6 0
101477 5976 1680 6 0
101690 5976 1680 6 0
101902 5976 1680 6 0
102114 5976 1680 6 0
102326 5976 1680 6 0
102538 5976 1680 6 0
102749 5977 1680 6 0
102961 5977 1680 6 0
103173 5977 1680 6 0
103386 5977 1680 6 0
103597 5980 1680 6 0
103808 5980 1680 6 0
104019 5980 1680 6 0
104231 5980 1680 6 0
104442 5980 1680 6 0
104655 5981 1680 6 0
104866 5981 1680 6 0
105078 5982 1680 6 0
105290 5983 1680 6 0
105502 5983 1680 6 0
105714 5983 1680 6 0
105926 5983 1680 6 0
106138 5983 1680 6 0
106350 5983 1680 6 0
106562 5983 1680 6 0
106774 5983 1680 6 0
106986 5983 1680 6 0
107198 5983 1680 6 0
107410 5983 1680 6 0
107621 5983 1680 6 0
107833 5983 1680 6 0
108044 5983 1680 6 0
108256 5983 1680 6 0
108468 5983 1680 6 0
108680 5983 1680 6 0
108892 5984 1680 6 0
109103 5984 1680 6 0
109314 5984 1680 6 0
109525 5984 1680 6 0
109737 5984 1680 6 0
109948 5984 1680 6 0
110159 5984 1680 6 0
110371 5984 1680 6 0
110583 5984 1680 6 0
110794 5984 1680 6 0
111007 5984 1680 6 0
111220 5984 1680 6 0
111432 5984 1680 6 0
111643 5984 1680 6 0
111855 5985 1680 6 0
112067 5985 1680 6 0
112279 5985 1680 6 0
112490 5985 1680 6 0
112703 5985 1680 6 0
112915 5985 1680 6 0
113127 5985 1680 6 0
113339 5985 1680 6 0
113550 5986 1680 6 0
113762 5986 1680 6 0
113974 5986 1680 6 0
114186 5986 1680 6 0
114399 5986 1680 6 0
114612 5987 1680 6 0
114824 5987 1680 6 0
115035 5988 1680 6 0
115247 5988 1680 6 0
115459 5989 1680 6 0
115671 5989 1680 6 0
115883 5990 1680 6 0
116095 5990 1680 6 0
116307 5991 1680 6 0
116518 5992 1680 6 0
116731 5992 1680 6 0
116943 5993 1680 6 0
117155 5993 1680 6 0
117366 5993 1680 6 0
117578 5993 1680 6 0
117790 5993 1680 6 0
118001 5993 1680 6 0
118213 5993 1680 6 0
118424 5993 1680 6 0
118635 5994 1680 6 0
118847 5994 1680 6 0
119059 5994 1680 6 0
119270 5995 1680 6 0
119481 5995 1680 6 0
119693 5995 1680 6 0
119904 5995 1680 6 0
120116 5996 1680 6 0
120327 5996 1680 6 0
120538 5995 1680 6 0
120750 5996 1680 6 0
120961 5996 1680 6 0
121174 5995 1680 6 0
121386 5995 1680 6 0
121598 5995 1680 6 0
121810 5996 1680 6 0
122022 5997 1680 6 0
122234 5997 1680 6 0
122446 5997 1680 6 0
122658 5998 1680 6 0
122870 5998 1680 6 0
123081 5998 1680 6 0
123292 5998 1680 6 0
123504 5999 1680 6 0
123715 5998 1680 6 0
123927 5998 1680 6 0
124138 5999 1680 6 0
124349 5999 1680 6 0
124562 6000 1680 6 0
124773 6000 1680 6 0
124984 6000 1680 6 0
125195 6001 1680 6 0
125407 6001 1680 6 0
125618 6001 1680 6 0
125828 6002 1680 6 0
126040 6002 1680 6 0
126250 6001 1680 6 0
126461 6002 1680 6 0
126673 6002 1680 6 0
126884 6002 1680 6 0
127094 6002 1680 6 0
127305 6002 1680 6 0
127516 6002 1680 6 0
127728 6002 1680 6 0
127939 6002 1680 6 0
128151 6002 1680 6 0
128362 6001 1680 6 0
128574 6001 1680 6 0
128786 6001 1680 6 0
128998 6001 1680 6 0
129210 6002 1680 6 0
129422 6003 1680 6 0
129634 6003 1680 6 0
129846 6003 1680 6 0
130058 6003 1680 6 0
130270 6004 1680 6 0
130481 6005 1680 6 0
130693 6005 1680 6 0
130906 6005 1680 6 0
131118 6005 1680 6 0
131331 6006 1680 6 0
131543 6006 1680 6 0
131756 6007 1680 6 0
131968 6007 1680 6 0
132178 6007 1680 6 0
132390 6008 1680 6 0
132602 6008 1680 6 0
132814 6008 1680 6 0
133026 6008 1680 6 0
133238 6009 1680 6 0
133449 6009 1680 6 0
133660 6009 1680 6 0
133871 6009 1680 6 0
134083 6009 1680 6 0
134294 6010 1680 6 0
134505 6010 1680 6 0
134717 6010 1680 6 0
134929 6010 1680 6 0
135142 6011 1680 6 0
135353 6011 1680 6 0
135565 6011 1680 6 0
135778 6012 1680 6 0
135990 6012 1680 6 0
136202 6012 1680 6 0
136414 6013 1680 6 0
136626 6013 1680 6 0
136838 6013 1680 6 0
137049 6013 1680 6 0
137260 6013 1680 6 0
137473 6014 1680 6 0
137687 5628 1680 6 0
137899 5286 1680 5 0
138112 5286 1680 5 0
138324 5286 1680 5 0
138536 5287 1680 5 0
138748 4912 1680 5 0
138960 4553 1680 4 0
139171 4554 1680 4 0
139383 4555 1680 4 0
139594 4555 1680 4 0
139805 4555 1680 4 0
140018 4556 1680 4 0
140228 4557 1680 4 0
140440 4557 1680 4 0
140651 4557 1680 4 0
140863 4559 1680 4 0
141075 4559 1680 4 0
141287 4560 1680 4 0
141498 4561 1680 4 0
141711 4561 1680 4 0
141923 4562 1680 4 0
142138 3122 1680 4 0
142351 1862 1456 2 0
142563 -14 0 0 0
