31681 18366 2240 23 11
31892 18575 2240 23 11
32105 18667 2240 23 11
32316 18736 2240 23 11
32529 18741 2240 23 11
32742 18842 2240 23 11
32954 18940 2240 23 11
33167 18972 2240 23 11
33380 18987 2240 23 11
33591 19002 2240 23 11
33803 19002 2240 23 11
34014 19017 2240 23 11
34225 19023 2240 23 11
34437 19024 2240 23 11
34649 19024 2240 23 11
34860 19024 2240 23 11
35071 19024 2240 23 11
35283 19024 2240 23 11
35494 19024 2240 23 11
35706 19024 2240 23 11
35917 19024 2240 23 11
36129 19024 2240 23 11
36340 19026 2240 23 11
36550 19026 2240 23 11
36761 19026 2240 23 11
36973 19026 2240 23 11
37184 19026 2240 23 11
37396 19026 2240 23 11
37608 19026 2240 23 11
37820 19026 2240 23 11
38033 19026 2240 23 11
38245 19026 2240 23 11
38458 19026 2240 23 11
38669 19026 2240 23 11
38880 19026 2240 23 11
39092 19026 2240 23 11
39304 19027 2240 23 11
39515 19027 2240 23 11
39726 19027 2240 23 11
39937 19027 2240 23 11
40149 19027 2240 23 11
40362 19027 2240 23 11
40575 19027 2240 23 11
40786 19027 2240 23 11
40999 19027 2240 23 11
41211 19028 2240 23 11
41422 19028 2240 23 11
41633 19028 2240 23 11
41845 19029 2240 23 11
42056 19029 2240 23 11
42267 19029 2240 23 11
42479 19029 2240 23 11
42690 19029 2240 23 11
42902 19030 2240 23 11
43114 19030 2240 23 11
43326 19031 2240 23 11
43537 19031 2240 23 11
43748 19031 2240 23 11
43960 19031 2240 23 11
44172 19031 2240 23 11
44383 19032 2240 23 11
44594 19032 2240 23 11
44805 19032 2240 23 11
45017 19033 2240 23 11
45230 19033 2240 23 11
45441 19034 2240 23 11
45653 19035 2240 23 11
45864 19035 2240 23 11
46075 19036 2240 23 11
46286 19037 2240 23 11
46497 19037 2240 23 11
46707 19038 2240 23 11
46920 19038 2240 23 11
47132 19039 2240 23 11
47344 19039 2240 23 11
47555 19040 2240 23 11
47767 19040 2240 23 11
47979 19040 2240 23 11
48191 19040 2240 23 11
48403 19040 2240 23 11
48615 19040 2240 23 11
48827 19041 2240 23 11
49037 19041 2240 23 11
49251 19041 2240 23 11
49462 19041 2240 23 11
49675 19041 2240 23 11
49887 19041 2240 23 11
50098 19041 2240 23 11
50309 19041 2240 23 11
50520 19153 2352 23 11
50732 19153 2352 23 11
50944 19153 2352 23 11
51155 19153 2352 23 11
51366 19153 2352 23 11
51577 19153 2352 23 11
51790 19151 2352 23 11
52001 19151 2352 23 11
52212 19151 2352 23 11
52423 19151 2352 23 11
52636 19150 2352 23 11
52848 19148 2352 23 11
53059 19148 2352 23 11
53271 19148 2352 23 11
53483 19148 2352 23 11
53695 19145 2352 23 11
53907 19145 2352 23 11
54119 19147 2352 23 11
54330 19147 2352 23 11
54542 19146 2352 23 11
54755 19141 2352 23 11
54968 19140 2352 23 11
55179 19140 2352 23 11
55391 19141 2352 23 11
55602 19141 2352 23 11
55814 19139 2352 23 11
56025 19139 2352 23 11
56236 19139 2352 23 11
56447 19140 2352 23 11
56658 19140 2352 23 11
56870 19138 2352 23 11
57081 19139 2352 23 11
57292 19139 2352 23 11
57503 19139 2352 23 11
57714 19139 2352 23 11
57927 19139 2352 23 11
58139 19140 2352 23 11
58350 19140 2352 23 11
58561 19139 2352 23 11
58773 19138 2352 23 11
58984 19138 2352 23 11
59194 19138 2352 23 11
59406 19138 2352 23 11
59617 19138 2352 23 11
59829 19136 2352 23 11
60040 19136 2352 23 11
60252 19136 2352 23 11
60464 19135 2352 23 11
60676 19135 2352 23 11
60888 19135 2352 23 11
61099 19135 2352 23 11
61310 19135 2352 23 11
61520 19135 2352 23 11
61731 19134 2352 23 11
61942 19134 2352 23 11
62154 19134 2352 23 11
62365 18024 2352 23 11
62578 17738 2352 23 11
62790 16896 2352 20 9
63002 16898 2352 20 9
63214 16899 2352 20 9
63426 16899 2352 20 9
63637 16900 2352 20 9
63848 16900 2352 20 9
64060 16901 2352 20 9
64272 16902 2352 20 9
64484 16901 2352 20 9
64696 16901 2352 20 9
64908 16900 2352 20 9
65119 16900 2352 20 9
65330 16901 2352 20 9
65541 16902 2352 20 9
65751 16902 2352 20 9
65963 16903 2352 20 9
66176 16903 2352 20 9
66387 16903 2352 20 9
66599 16902 2352 20 9
66810 16902 2352 20 9
67022 16902 2352 20 9
67234 16902 2352 20 9
67445 16902 2352 20 9
67657 16901 2352 20 9
67869 16899 2352 20 9
68082 16525 2352 20 9
68294 16159 2352 19 8
68507 16160 2352 19 8
68720 15421 2352 19 8
68933 14321 2352 17 6
69145 14057 2352 17 6
69357 13936 2352 16 5
69570 13937 2352 16 5
69782 13937 2352 16 5
69994 13938 2352 16 5
70206 13938 2352 16 5
70418 13938 2352 16 5
70630 13938 2352 16 5
70842 13940 2352 16 5
71053 13945 2352 16 5
71266 13946 2352 16 5
71480 13946 2352 16 5
71693 13946 2352 16 5
71905 13946 2352 16 5
72118 13947 2352 16 5
72330 13947 2352 16 5
72542 13947 2352 16 5
72754 13947 2352 16 5
72967 13948 2352 16 5
73179 13948 2352 16 5
73392 13948 2352 16 5
73604 13948 2352 16 5
73816 13948 2352 16 5
74027 13949 2352 16 5
74238 13951 2352 16 5
74451 13952 2352 16 5
74662 13952 2352 16 5
74874 13953 2352 16 5
75086 13953 2352 16 5
75298 13954 2352 16 5
75510 13953 2352 16 5
75721 13953 2352 16 5
75934 13953 2352 16 5
76148 13954 2352 16 5
76360 13954 2352 16 5
76573 13954 2352 16 5
76785 13954 2352 16 5
76997 13955 2352 16 5
77208 13955 2352 16 5
77419 13955 2352 16 5
77631 13956 2352 16 5
77844 13956 2352 16 5
78056 13957 2352 16 5
78268 13957 2352 16 5
78480 13629 2352 16 5
78693 13533 2352 16 5
78907 13231 2352 15 4
79119 13232 2352 15 4
79331 13232 2352 15 4
79542 13232 2352 15 4
79754 13232 2352 15 4
79965 13232 2352 15 4
80177 13232 2352 15 4
80388 13233 2352 15 4
80599 13233 2352 15 4
80810 13233 2352 15 4
81021 13233 2352 15 4
81232 13234 2352 15 4
81443 13231 2352 15 4
81654 13233 2352 15 4
81865 13232 2352 15 4
82077 13232 2352 15 4
82288 13233 2352 15 4
82499 13234 2352 15 4
82711 13234 2352 15 4
82922 13234 2352 15 4
83133 13234 2352 15 4
83345 13234 2352 15 4
83556 13232 2352 15 4
83766 13233 2352 15 4
83976 13234 2352 15 4
84186 13234 2352 15 4
84398 13235 2352 15 4
84610 13235 2352 15 4
84822 13235 2352 15 4
85034 13236 2352 15 4
85247 13236 2352 15 4
85459 13236 2352 15 4
85672 13236 2352 15 4
85884 13236 2352 15 4
86096 13237 2352 15 4
86308 13237 2352 15 4
86519 13238 2352 15 4
86730 12879 2352 15 4
86942 12615 2352 15 4
87154 12150 2352 14 3
87366 11730 2352 14 3
87578 10473 2128 12 1
87790 9727 1680 12 1
88003 9663 1680 11 0
88719 9664 1680 11 0
88931 9664 1680 11 0
89142 9664 1680 11 0
89354 9664 1680 11 0
89566 9665 1680 11 0
89777 9665 1680 11 0
89989 9666 1680 11 0
90201 9667 1680 11 0
90413 9667 1680 11 0
90625 9667 1680 11 0
90837 9668 1680 11 0
91049 9668 1680 11 0
91261 9669 1680 11 0
91473 9669 1680 11 0
91685 9669 1680 11 0
91898 9670 1680 11 0
92109 9670 1680 11 0
92321 9671 1680 11 0
92534 9672 1680 11 0
92745 9672 1680 11 0
92956 9673 1680 11 0
93168 9673 1680 11 0
93380 9673 1680 11 0
93592 9673 1680 11 0
93804 9673 1680 11 0
94016 9673 1680 11 0
94229 9674 1680 11 0
94441 9674 1680 11 0
94652 9675 1680 11 0
94864 9675 1680 11 0
95076 9675 1680 11 0
95288 9675 1680 11 0
95501 9675 1680 11 0
95714 9675 1680 11 0
95925 9675 1680 11 0
96137 9675 1680 11 0
96349 9675 1680 11 0
96562 9675 1680 11 0
96773 9675 1680 11 0
96984 9312 1680 11 0
97197 9053 1680 11 0
97410 8933 1680 10 0
97622 8933 1680 10 0
97834 8933 1680 10 0
98046 8933 1680 10 0
98258 8933 1680 10 0
98470 8933 1680 10 0
98682 8933 1680 10 0
98893 8934 1680 10 0
99104 8935 1680 10 0
99316 8936 1680 10 0
99528 8936 1680 10 0
99742 8579 1680 10 0
99958 7218 1680 10 0
100169 5944 1680 7 0
100379 5947 1680 6 0
100592 5948 1680 6 0
100804 5949 1680 6 0
101015 5950 1680 6 0
101228 5952 1680 6 0
101440 5952 1680 6 0
101651 5953 1680 6 0
101863 5954 1680 6 0
102075 5955 1680 6 0
102287 5956 1680 6 0
102499 5957 1680 6 0
102710 5957 1680 6 0
102921 5958 1680 6 0
103133 5958 1680 6 0
103344 5959 1680 6 0
103556 5959 1680 6 0
103768 5960 1680 6 0
103980 5961 1680 6 0
104192 5961 1680 6 0
104404 5962 1680 6 0
104617 5963 1680 6 0
104829 5963 1680 6 0
105041 5964 1680 6 0
105252 5965 1680 6 0
105463 5966 1680 6 0
105674 5966 1680 6 0
105885 5966 1680 6 0
106097 5968 1680 6 0
106309 5969 1680 6 0
106521 5969 1680 6 0
106732 5970 1680 6 0
106944 5972 1680 6 0
107156 5972 1680 6 0
107366 5973 1680 6 0
107578 5973 1680 6 0
107790 5974 1680 6 0
108001 5974 1680 6 0
108213 5969 1680 6 0
108425 5970 1680 6 0
108635 5970 1680 6 0
108846 5970 1680 6 0
109058 5971 1680 6 0
109270 5972 1680 6 0
109481 5973 1680 6 0
109692 5973 1680 6 0
109904 5973 1680 6 0
110115 5974 1680 6 0
110326 5975 1680 6 0
110537 5975 1680 6 0
110748 5975 1680 6 0
110959 5976 1680 6 0
111171 5976 1680 6 0
111382 5977 1680 6 0
111593 5978 1680 6 0
111804 5978 1680 6 0
112016 5978 1680 6 0
112226 5979 1680 6 0
112438 5978 1680 6 0
112649 5978 1680 6 0
112861 5978 1680 6 0
113073 5978 1680 6 0
113284 5978 1680 6 0
113494 5977 1680 6 0
113706 5977 1680 6 0
113918 5977 1680 6 0
114130 5978 1680 6 0
114340 5978 1680 6 0
114551 5980 1680 6 0
114763 5980 1680 6 0
114974 5980 1680 6 0
115186 5980 1680 6 0
115398 5981 1680 6 0
115610 5981 1680 6 0
115820 5982 1680 6 0
116031 5982 1680 6 0
116242 5983 1680 6 0
116453 5983 1680 6 0
116666 5984 1680 6 0
116877 5984 1680 6 0
117090 5984 1680 6 0
117301 5984 1680 6 0
117513 5985 1680 6 0
117724 5986 1680 6 0
117935 5986 1680 6 0
118146 5986 1680 6 0
118358 5986 1680 6 0
118570 5986 1680 6 0
118782 5987 1680 6 0
118993 5987 1680 6 0
119205 5987 1680 6 0
119416 5988 1680 6 0
119627 5989 1680 6 0
119839 5988 1680 6 0
120052 5988 1680 6 0
120264 5988 1680 6 0
120475 5987 1680 6 0
120687 5987 1680 6 0
120899 5987 1680 6 0
121111 5987 1680 6 0
121323 5987 1680 6 0
121535 5987 1680 6 0
121747 5987 1680 6 0
121959 5987 1680 6 0
122170 5986 1680 6 0
122380 5986 1680 6 0
122592 5986 1680 6 0
122804 5986 1680 6 0
123014 5986 1680 6 0
123226 5987 1680 6 0
123437 5987 1680 6 0
123648 5988 1680 6 0
123861 5988 1680 6 0
124072 5989 1680 6 0
124284 5989 1680 6 0
124497 5989 1680 6 0
124708 5990 1680 6 0
124920 5991 1680 6 0
125133 5991 1680 6 0
125346 5991 1680 6 0
125558 5991 1680 6 0
125769 5991 1680 6 0
125981 5992 1680 6 0
126194 5992 1680 6 0
126406 5992 1680 6 0
126618 5993 1680 6 0
126829 5993 1680 6 0
127042 5993 1680 6 0
127254 5993 1680 6 0
127465 5994 1680 6 0
127676 5994 1680 6 0
127889 5994 1680 6 0
128100 5994 1680 6 0
128312 5994 1680 6 0
128523 5994 1680 6 0
128735 5994 1680 6 0
128947 5995 1680 6 0
129159 5995 1680 6 0
129371 5995 1680 6 0
129583 5994 1680 6 0
129795 5994 1680 6 0
130007 5995 1680 6 0
130218 5995 1680 6 0
130429 5996 1680 6 0
130641 5997 1680 6 0
130852 5996 1680 6 0
131064 5998 1680 6 0
131276 5998 1680 6 0
131488 5998 1680 6 0
131700 5998 1680 6 0
131911 5998 1680 6 0
132122 5998 1680 6 0
132333 5998 1680 6 0
132544 5998 1680 6 0
132755 5998 1680 6 0
132966 5999 1680 6 0
133178 5999 1680 6 0
133390 6000 1680 6 0
133600 6000 1680 6 0
133812 6001 1680 6 0
134023 6001 1680 6 0
134235 6001 1680 6 0
134447 6002 1680 6 0
134659 6003 1680 6 0
134869 6004 1680 6 0
135080 6004 1680 6 0
135292 6004 1680 6 0
135503 6005 1680 6 0
135715 6005 1680 6 0
135926 6005 1680 6 0
136138 6005 1680 6 0
136350 6005 1680 6 0
136561 6006 1680 6 0
136773 6006 1680 6 0
136984 6008 1680 6 0
137196 6008 1680 6 0
137407 6009 1680 6 0
137619 5678 1680 6 0
137831 5625 1680 6 0
138043 5288 1680 5 0
138254 5288 1680 5 0
138465 5288 1680 5 0
138677 5288 1680 5 0
138889 4898 1680 5 0
139102 4550 1680 4 0
139313 4552 1680 4 0
139524 4552 1680 4 0
139735 4552 1680 4 0
139947 4553 1680 4 0
140159 4554 1680 4 0
140371 4554 1680 4 0
140583 4555 1680 4 0
140795 4554 1680 4 0
141007 4554 1680 4 0
141218 4552 1680 4 0
141428 4553 1680 4 0
141640 4553 1680 4 0
141853 4554 1680 4 0
142066 3521 1680 4 0
142280 2739 1680 3 0
142497 -27 0 0 0
