34634 57929 0 23 11
34845 57952 0 23 11
35057 57987 0 23 11
35270 58066 0 23 11
35481 58160 0 23 11
35693 58202 0 23 11
35905 58243 0 23 11
36118 58288 0 23 11
36330 58295 0 23 11
36542 58312 0 23 11
36753 58317 0 23 11
36965 58327 0 23 11
37177 58325 0 23 11
37388 58329 0 23 11
37600 58330 0 23 11
37811 58330 0 23 11
38023 58329 0 23 11
38234 58331 0 23 11
38447 58328 0 23 11
38658 58329 0 23 11
38870 58329 0 23 11
39081 58329 0 23 11
39292 58332 0 23 11
39504 58331 0 23 11
39716 58333 0 23 11
39929 58332 0 23 11
40140 58330 0 23 11
40366 58333 0 23 11
40579 58333 0 23 11
40792 58335 0 23 11
41005 58333 0 23 11
41216 58336 0 23 11
41429 58335 0 23 11
41640 58334 0 23 11
41852 58334 0 23 11
42063 58339 0 23 11
42275 58338 0 23 11
42487 58337 0 23 11
42699 58337 0 23 11
42912 58340 0 23 11
43123 58339 0 23 11
43335 58339 0 23 11
43548 58340 0 23 11
43760 58342 0 23 11
43972 58341 0 23 11
44184 58343 0 23 11
44395 58342 0 23 11
44608 58344 0 23 11
44820 58344 0 23 11
45031 58345 0 23 11
45243 58345 0 23 11
45698 58348 0 23 11
45910 58346 0 23 11
46122 58348 0 23 11
46335 58348 0 23 11
46546 58346 0 23 11
46756 58348 0 23 11
46968 58349 0 23 11
47180 58348 0 23 11
47392 58348 0 23 11
47604 58347 0 23 11
47816 58347 0 23 11
48027 58347 0 23 11
48239 58346 0 23 11
48451 58345 0 23 11
48664 58343 0 23 11
48876 58346 0 23 11
49088 58344 0 23 11
49299 58346 0 23 11
49511 58339 0 23 11
49723 58338 0 23 11
49935 58339 0 23 11
50146 58338 0 23 11
50357 58331 0 23 11
50569 58333 0 23 11
51412 58329 0 23 11
51623 58326 0 23 11
51834 58326 0 23 11
52046 58325 0 23 11
52258 58324 0 23 11
52470 58319 0 23 11
52681 58319 0 23 11
52894 58319 0 23 11
53107 58321 0 23 11
53318 58302 0 23 11
53530 58300 0 23 11
53742 58300 0 23 11
53954 58300 0 23 11
54166 58300 0 23 11
54378 58288 0 23 11
54590 58288 0 23 11
54802 58289 0 23 11
55014 58289 0 23 11
55225 58287 0 23 11
55437 58271 0 23 11
55649 58274 0 23 11
55860 58273 0 23 11
56429 58261 0 23 11
56640 58262 0 23 11
56852 58264 0 23 11
57064 58264 0 23 11
57276 58252 0 23 11
57487 58250 0 23 11
57700 58251 0 23 11
57912 58253 0 23 11
58124 58254 0 23 11
58336 58243 0 23 11
58548 58242 0 23 11
58760 58243 0 23 11
58972 58244 0 23 11
59185 58244 0 23 11
59397 58228 0 23 11
59609 58231 0 23 11
59821 58231 0 23 11
60032 58232 0 23 11
60245 58229 0 23 11
60458 58227 0 23 11
60670 58230 0 23 11
60881 58229 0 23 11
61094 58230 0 23 11
61305 58223 0 23 11
61518 58224 0 23 11
61731 58226 0 23 11
61943 58227 0 23 11
62155 58229 0 23 11
62367 58225 0 23 11
62580 58225 0 23 11
62792 58227 0 23 11
63004 58228 0 23 11
63216 58225 0 23 11
63428 56050 0 23 11
63641 55680 0 22 10
63854 53165 0 22 10
64067 51288 0 22 10
64282 50563 0 20 9
64494 50563 0 20 9
64706 50563 0 20 9
64918 50563 0 20 9
65129 50564 0 20 9
65340 50560 0 20 9
65551 50560 0 20 9
65762 50561 0 20 9
65973 50561 0 20 9
66185 50562 0 20 9
66397 50560 0 20 9
66609 50561 0 20 9
66820 50562 0 20 9
67031 50563 0 20 9
67243 50561 0 20 9
67455 50561 0 20 9
67666 50561 0 20 9
67879 50562 0 20 9
68090 50562 0 20 9
68303 50561 0 20 9
68514 50561 0 20 9
68726 50561 0 20 9
68937 50562 0 20 9
69148 50562 0 20 9
69360 50562 0 20 9
69572 50563 0 20 9
69784 50563 0 20 9
69996 50564 0 20 9
70208 50564 0 20 9
70419 50564 0 20 9
70632 50565 0 20 9
70844 50565 0 20 9
71057 47681 0 20 9
71270 41873 0 20 9
71481 40555 0 17 6
71693 40429 0 16 5
71904 40432 0 16 5
72117 40433 0 16 5
72330 40433 0 16 5
72542 40433 0 16 5
72754 40433 0 16 5
72967 40433 0 16 5
73180 40434 0 16 5
73392 40434 0 16 5
73605 40435 0 16 5
73816 40435 0 16 5
74028 40435 0 16 5
74241 40435 0 16 5
74453 40434 0 16 5
74665 40434 0 16 5
74877 40434 0 16 5
75090 40434 0 16 5
75303 40434 0 16 5
75515 40434 0 16 5
75727 40435 0 16 5
75938 40434 0 16 5
76150 40434 0 16 5
76361 40433 0 16 5
76574 40433 0 16 5
76787 40433 0 16 5
77000 40434 0 16 5
77211 40434 0 16 5
77424 40435 0 16 5
77636 40434 0 16 5
77849 40435 0 16 5
78061 40435 0 16 5
78272 40434 0 16 5
78485 40433 0 16 5
78697 40433 0 16 5
78909 40433 0 16 5
79120 40431 0 16 5
79333 38250 0 16 5
79545 37901 0 15 4
79757 37901 0 15 4
79969 37901 0 15 4
80182 37901 0 15 4
80394 37901 0 15 4
80606 37900 0 15 4
80818 37900 0 15 4
81030 37900 0 15 4
81242 37900 0 15 4
81455 37900 0 15 4
81667 37900 0 15 4
81878 37900 0 15 4
82090 37900 0 15 4
82302 37900 0 15 4
82514 37899 0 15 4
82727 37899 0 15 4
82939 37900 0 15 4
83150 37900 0 15 4
83362 37900 0 15 4
83575 37900 0 15 4
83787 37900 0 15 4
83999 37901 0 15 4
84211 37902 0 15 4
84423 37902 0 15 4
84635 37902 0 15 4
84848 37903 0 15 4
85060 37903 0 15 4
85272 37904 0 15 4
85484 37903 0 15 4
85696 37903 0 15 4
85907 37903 0 15 4
86119 37903 0 15 4
86330 37903 0 15 4
86542 37903 0 15 4
86754 37903 0 15 4
86966 37904 0 15 4
87177 37904 0 15 4
87389 37904 0 15 4
87601 37904 0 15 4
87812 37905 0 15 4
88024 37905 0 15 4
88236 37906 0 15 4
88449 35740 0 15 4
88661 35486 0 15 4
88874 35380 0 14 3
89088 35070 0 14 3
89303 28866 0 14 3
89517 27915 0 12 1
89728 27810 0 11 0
90447 27811 0 11 0
90659 27811 0 11 0
90873 27811 0 11 0
91084 27811 0 11 0
91297 27812 0 11 0
91509 27813 0 11 0
91722 27814 0 11 0
91935 27815 0 11 0
92148 27815 0 11 0
92360 27815 0 11 0
92572 27816 0 11 0
92784 27817 0 11 0
92996 27817 0 11 0
93208 27817 0 11 0
93420 27817 0 11 0
93633 27816 0 11 0
93845 27816 0 11 0
94057 27817 0 11 0
94268 27817 0 11 0
94481 27817 0 11 0
94692 27817 0 11 0
94903 27817 0 11 0
95115 27817 0 11 0
95327 27817 0 11 0
95540 27818 0 11 0
95751 27818 0 11 0
95964 27818 0 11 0
96176 27818 0 11 0
96388 27818 0 11 0
96600 27818 0 11 0
96812 27818 0 11 0
97024 27818 0 11 0
97237 27819 0 11 0
97448 27820 0 11 0
97660 27820 0 11 0
97872 27820 0 11 0
98084 27821 0 11 0
98295 27822 0 11 0
98507 25637 0 11 0
98720 25386 0 11 0
98933 25266 0 10 0
99146 25268 0 10 0
99358 25268 0 10 0
99570 25268 0 10 0
99783 25268 0 10 0
99996 25267 0 10 0
100208 25267 0 10 0
100419 25267 0 10 0
100632 25267 0 10 0
100844 25268 0 10 0
101055 25269 0 10 0
101267 25270 0 10 0
101478 25271 0 10 0
101691 25271 0 10 0
101905 22374 0 10 0
102127 16537 0 10 0
102339 15113 0 6 0
102551 15114 0 6 0
102763 15116 0 6 0
102975 15117 0 6 0
103188 15117 0 6 0
103400 15118 0 6 0
103612 15120 0 6 0
103824 15121 0 6 0
104036 15122 0 6 0
104248 15122 0 6 0
104460 15122 0 6 0
104672 15122 0 6 0
104884 15123 0 6 0
105096 15123 0 6 0
105307 15124 0 6 0
105519 15123 0 6 0
105731 15124 0 6 0
105943 15125 0 6 0
106156 15126 0 6 0
106368 15127 0 6 0
106579 15127 0 6 0
106791 15127 0 6 0
107003 15128 0 6 0
107215 15128 0 6 0
107426 15128 0 6 0
107638 15128 0 6 0
107851 15128 0 6 0
108062 15128 0 6 0
108275 15128 0 6 0
108485 15128 0 6 0
108698 15128 0 6 0
108910 15128 0 6 0
109122 15128 0 6 0
109335 15128 0 6 0
109548 15128 0 6 0
109759 15128 0 6 0
109971 15128 0 6 0
110183 15128 0 6 0
110395 15128 0 6 0
110607 15129 0 6 0
110819 15129 0 6 0
111031 15130 0 6 0
111243 15130 0 6 0
111455 15130 0 6 0
111667 15131 0 6 0
111878 15131 0 6 0
112090 15132 0 6 0
112302 15132 0 6 0
112515 15133 0 6 0
112726 15134 0 6 0
112937 15134 0 6 0
113149 15135 0 6 0
113361 15134 0 6 0
113572 15134 0 6 0
113783 15134 0 6 0
113995 15134 0 6 0
114206 15134 0 6 0
114419 15135 0 6 0
114631 15135 0 6 0
114842 15136 0 6 0
115054 15136 0 6 0
115266 15137 0 6 0
115478 15137 0 6 0
115689 15137 0 6 0
115901 15138 0 6 0
116111 15139 0 6 0
116323 15139 0 6 0
116534 15140 0 6 0
116747 15141 0 6 0
116959 15141 0 6 0
117171 15141 0 6 0
117382 15142 0 6 0
117594 15142 0 6 0
117806 15142 0 6 0
118018 15142 0 6 0
118230 15142 0 6 0
118442 15142 0 6 0
118653 15142 0 6 0
118864 15142 0 6 0
119076 15141 0 6 0
119288 15141 0 6 0
119499 15142 0 6 0
119712 15142 0 6 0
119924 15142 0 6 0
120135 15141 0 6 0
120347 15142 0 6 0
120559 15142 0 6 0
120772 15142 0 6 0
120984 15142 0 6 0
121195 15143 0 6 0
121406 15143 0 6 0
121619 15143 0 6 0
121830 15143 0 6 0
122042 15143 0 6 0
122254 15143 0 6 0
122465 15143 0 6 0
122676 15144 0 6 0
122887 15144 0 6 0
123099 15149 0 6 0
123311 15149 0 6 0
123522 15150 0 6 0
123733 15149 0 6 0
123944 15150 0 6 0
124156 15151 0 6 0
124368 15152 0 6 0
124580 15152 0 6 0
124791 15152 0 6 0
125001 15153 0 6 0
125213 15154 0 6 0
125424 15154 0 6 0
125636 15154 0 6 0
125847 15155 0 6 0
126057 15155 0 6 0
126270 15157 0 6 0
126481 15157 0 6 0
126692 15158 0 6 0
126903 15158 0 6 0
127116 15158 0 6 0
127326 15159 0 6 0
127538 15159 0 6 0
127750 15159 0 6 0
127962 15161 0 6 0
128172 15161 0 6 0
128384 15160 0 6 0
128596 15160 0 6 0
128808 15161 0 6 0
129020 15161 0 6 0
129233 15160 0 6 0
129444 15160 0 6 0
129657 15160 0 6 0
129868 15160 0 6 0
130080 15160 0 6 0
130292 15160 0 6 0
130504 15160 0 6 0
130715 15160 0 6 0
130927 15160 0 6 0
131139 15160 0 6 0
131350 15160 0 6 0
131562 15160 0 6 0
131774 15160 0 6 0
131986 15160 0 6 0
132198 15160 0 6 0
132410 15160 0 6 0
132621 15160 0 6 0
132833 15161 0 6 0
133044 15161 0 6 0
133255 15155 0 6 0
133467 15155 0 6 0
133678 15156 0 6 0
133889 15156 0 6 0
134101 15156 0 6 0
134313 15157 0 6 0
134524 15157 0 6 0
134736 15157 0 6 0
134947 15158 0 6 0
135158 15158 0 6 0
135370 15158 0 6 0
135580 15158 0 6 0
135792 15159 0 6 0
136004 15159 0 6 0
136216 15160 0 6 0
136427 15161 0 6 0
136639 15161 0 6 0
136857 12984 0 6 0
137069 12630 0 5 0
137281 10441 0 5 0
137494 10095 0 4 0
137707 10097 0 4 0
137918 10097 0 4 0
138130 10098 0 4 0
138342 10098 0 4 0
138554 10099 0 4 0
138765 10099 0 4 0
138976 10100 0 4 0
139188 10100 0 4 0
139400 10101 0 4 0
139612 10101 0 4 0
139823 10102 0 4 0
140035 10101 0 4 0
140246 10101 0 4 0
140458 10101 0 4 0
140671 10102 0 4 0
140884 5022 0 4 0
141096 811 0 3 0
141307 13 0 0 0
