31697 18427 2240 23 11
31908 18589 2240 23 11
32119 18642 2240 23 11
32332 18670 2240 23 11
32545 18772 2240 23 11
32758 18902 2240 23 11
32970 18929 2240 23 11
33182 18972 2240 23 11
33393 18975 2240 23 11
33605 19004 2240 23 11
33816 19033 2240 23 11
34028 19037 2240 23 11
34241 19037 2240 23 11
34453 19045 2240 23 11
34664 19045 2240 23 11
34876 19045 2240 23 11
35089 19046 2240 23 11
35300 19046 2240 23 11
35511 19049 2240 23 11
35723 19049 2240 23 11
35934 19049 2240 23 11
36145 19049 2240 23 11
36357 19049 2240 23 11
36569 19049 2240 23 11
36781 19049 2240 23 11
36993 19049 2240 23 11
37204 19077 2240 23 11
37416 19077 2240 23 11
37629 19077 2240 23 11
37840 19077 2240 23 11
38052 19077 2240 23 11
38264 19077 2240 23 11
38476 19077 2240 23 11
38688 19077 2240 23 11
38900 19078 2240 23 11
39111 19078 2240 23 11
39322 19078 2240 23 11
39534 19078 2240 23 11
39746 19078 2240 23 11
39957 19078 2240 23 11
40168 19078 2240 23 11
40379 19079 2240 23 11
40590 19080 2240 23 11
40802 19080 2240 23 11
41014 19080 2240 23 11
41226 19080 2240 23 11
41437 19080 2240 23 11
41649 19080 2240 23 11
41860 19081 2240 23 11
42071 19081 2240 23 11
42283 19081 2240 23 11
42495 19081 2240 23 11
42706 19081 2240 23 11
42919 19081 2240 23 11
43131 19081 2240 23 11
43344 19081 2240 23 11
43555 19082 2240 23 11
43767 19082 2240 23 11
43979 19082 2240 23 11
44191 19085 2240 23 11
44404 19093 2240 23 11
44616 19093 2240 23 11
44828 19093 2240 23 11
45040 19094 2240 23 11
45251 19094 2240 23 11
45462 19095 2240 23 11
45673 19095 2240 23 11
45884 19096 2240 23 11
46096 19096 2240 23 11
46306 19097 2240 23 11
46518 19097 2240 23 11
46729 19093 2240 23 11
46942 19094 2240 23 11
47154 19094 2240 23 11
47366 19094 2240 23 11
47578 19095 2240 23 11
47790 19091 2240 23 11
48002 19092 2240 23 11
48213 19093 2240 23 11
48425 19093 2240 23 11
48638 19094 2240 23 11
48849 19091 2240 23 11
49061 19091 2240 23 11
49273 19091 2240 23 11
49485 19091 2240 23 11
49698 19091 2240 23 11
49909 19088 2240 23 11
50120 19088 2240 23 11
50332 19090 2240 23 11
50545 19090 2240 23 11
50756 19199 2352 23 11
50967 19201 2352 23 11
51178 19202 2352 23 11
51390 19201 2352 23 11
51602 19202 2352 23 11
51814 19195 2352 23 11
52025 19196 2352 23 11
52237 19196 2352 23 11
52450 19196 2352 23 11
52662 19196 2352 23 11
52873 19189 2352 23 11
53085 19189 2352 23 11
53296 19190 2352 23 11
53508 19192 2352 23 11
53720 19192 2352 23 11
53932 19187 2352 23 11
54143 19187 2352 23 11
54354 19187 2352 23 11
54566 19188 2352 23 11
54777 19180 2352 23 11
54989 19178 2352 23 11
55200 19178 2352 23 11
55413 19177 2352 23 11
55625 19177 2352 23 11
55837 19167 2352 23 11
56049 19169 2352 23 11
56260 19170 2352 23 11
56472 19169 2352 23 11
56683 19169 2352 23 11
56896 19166 2352 23 11
57108 19167 2352 23 11
57320 19166 2352 23 11
57532 19166 2352 23 11
57744 19164 2352 23 11
57955 19165 2352 23 11
58166 19164 2352 23 11
58378 19164 2352 23 11
58590 19165 2352 23 11
58801 19162 2352 23 11
59013 19163 2352 23 11
59225 19164 2352 23 11
59437 19164 2352 23 11
59648 19163 2352 23 11
59860 19163 2352 23 11
60072 19163 2352 23 11
60285 19163 2352 23 11
60496 19163 2352 23 11
60707 19163 2352 23 11
60917 19166 2352 23 11
61129 19164 2352 23 11
61341 19164 2352 23 11
61553 19164 2352 23 11
61764 19163 2352 23 11
61975 19164 2352 23 11
62187 19164 2352 23 11
62399 18839 2352 23 11
62612 18413 2352 23 11
62826 17384 2352 22 10
63038 16941 2352 20 9
63250 16941 2352 20 9
63463 16943 2352 20 9
63675 16942 2352 20 9
63887 16941 2352 20 9
64098 16942 2352 20 9
64310 16942 2352 20 9
64522 16942 2352 20 9
64734 16942 2352 20 9
64946 16942 2352 20 9
65158 16942 2352 20 9
65369 16942 2352 20 9
65580 16942 2352 20 9
65792 16942 2352 20 9
66003 16942 2352 20 9
66214 16942 2352 20 9
66426 16943 2352 20 9
66637 16943 2352 20 9
66849 16943 2352 20 9
67061 16944 2352 20 9
67271 16947 2352 20 9
67483 16947 2352 20 9
67695 16947 2352 20 9
67907 16947 2352 20 9
68119 16947 2352 20 9
68332 16236 2352 20 9
68544 15823 2352 19 8
68757 15090 2352 18 7
68971 14358 2352 17 6
69183 13975 2352 16 5
69395 13976 2352 16 5
69606 13976 2352 16 5
69818 13976 2352 16 5
70029 13976 2352 16 5
70241 13976 2352 16 5
70452 13977 2352 16 5
70663 13977 2352 16 5
70875 13977 2352 16 5
71088 13978 2352 16 5
71301 13978 2352 16 5
71512 13978 2352 16 5
71726 13978 2352 16 5
71938 13978 2352 16 5
72150 13978 2352 16 5
72362 13979 2352 16 5
72574 13979 2352 16 5
72786 13979 2352 16 5
72998 13979 2352 16 5
73210 13980 2352 16 5
73422 13980 2352 16 5
73634 13982 2352 16 5
73846 13982 2352 16 5
74058 13982 2352 16 5
74271 13982 2352 16 5
74483 13982 2352 16 5
74695 13982 2352 16 5
74908 13983 2352 16 5
75119 13983 2352 16 5
75332 13983 2352 16 5
75542 13983 2352 16 5
75754 13983 2352 16 5
75965 13983 2352 16 5
76178 13985 2352 16 5
76389 13985 2352 16 5
76600 13986 2352 16 5
76812 13986 2352 16 5
77024 13986 2352 16 5
77236 13986 2352 16 5
77448 13987 2352 16 5
77660 13987 2352 16 5
77872 13987 2352 16 5
78084 13626 2352 16 5
78296 13268 2352 16 5
78507 13268 2352 15 4
78719 13268 2352 15 4
78930 13268 2352 15 4
79142 13268 2352 15 4
79354 13268 2352 15 4
79566 13268 2352 15 4
79777 13268 2352 15 4
79988 13269 2352 15 4
80199 13268 2352 15 4
80411 13269 2352 15 4
80623 13269 2352 15 4
80833 13269 2352 15 4
81044 13269 2352 15 4
81256 13270 2352 15 4
81468 13270 2352 15 4
81680 13270 2352 15 4
81893 13270 2352 15 4
82104 13269 2352 15 4
82316 13269 2352 15 4
82527 13269 2352 15 4
82740 13270 2352 15 4
82950 13270 2352 15 4
83162 13270 2352 15 4
83374 13270 2352 15 4
83585 13270 2352 15 4
83797 13270 2352 15 4
84010 13270 2352 15 4
84221 13270 2352 15 4
84432 13271 2352 15 4
84645 13270 2352 15 4
84857 13271 2352 15 4
85068 13270 2352 15 4
85279 13271 2352 15 4
85491 13271 2352 15 4
85704 13271 2352 15 4
85916 13271 2352 15 4
86128 13272 2352 15 4
86340 13272 2352 15 4
86552 13273 2352 15 4
86764 13273 2352 15 4
86977 12913 2352 15 4
87190 12399 2352 15 4
87402 11579 2352 14 3
87615 10502 2128 12 1
87828 9704 1680 11 0
88544 9705 1680 11 0
88755 9703 1680 11 0
88967 9703 1680 11 0
89178 9704 1680 11 0
89389 9705 1680 11 0
89601 9705 1680 11 0
89812 9705 1680 11 0
90025 9706 1680 11 0
90236 9706 1680 11 0
90448 9706 1680 11 0
90661 9707 1680 11 0
90872 9707 1680 11 0
91084 9708 1680 11 0
91296 9708 1680 11 0
91507 9709 1680 11 0
91719 9709 1680 11 0
91930 9710 1680 11 0
92142 9710 1680 11 0
92353 9711 1680 11 0
92565 9711 1680 11 0
92778 9711 1680 11 0
92989 9712 1680 11 0
93202 9712 1680 11 0
93414 9712 1680 11 0
93626 9712 1680 11 0
93837 9711 1680 11 0
94050 9711 1680 11 0
94262 9713 1680 11 0
94474 9713 1680 11 0
94685 9712 1680 11 0
94897 9713 1680 11 0
95109 9713 1680 11 0
95321 9713 1680 11 0
95533 9713 1680 11 0
95746 9713 1680 11 0
95958 9713 1680 11 0
96169 9713 1680 11 0
96381 9714 1680 11 0
96592 9714 1680 11 0
96804 9714 1680 11 0
97015 9345 1680 11 0
97229 9059 1680 11 0
97441 8982 1680 10 0
97654 8982 1680 10 0
97865 8982 1680 10 0
98077 8982 1680 10 0
98289 8982 1680 10 0
98500 8982 1680 10 0
98712 8980 1680 10 0
98924 8980 1680 10 0
99136 8980 1680 10 0
99348 8980 1680 10 0
99560 8980 1680 10 0
99772 8310 1680 10 0
99984 7218 1680 10 0
100198 5975 1680 6 0
100410 5977 1680 6 0
100622 5979 1680 6 0
100834 5979 1680 6 0
101046 5979 1680 6 0
101259 5979 1680 6 0
101470 5981 1680 6 0
101682 5982 1680 6 0
101894 5982 1680 6 0
102107 5983 1680 6 0
102318 5983 1680 6 0
102530 5983 1680 6 0
102742 5984 1680 6 0
102955 5984 1680 6 0
103166 5984 1680 6 0
103378 5985 1680 6 0
103589 5985 1680 6 0
103803 5985 1680 6 0
104015 5986 1680 6 0
104226 5985 1680 6 0
104438 5986 1680 6 0
104649 5986 1680 6 0
104860 5986 1680 6 0
105072 5987 1680 6 0
105284 5987 1680 6 0
105496 5987 1680 6 0
105708 5987 1680 6 0
105920 5988 1680 6 0
106132 5988 1680 6 0
106344 5988 1680 6 0
106555 5988 1680 6 0
106767 5988 1680 6 0
106980 5988 1680 6 0
107193 5987 1680 6 0
107404 5987 1680 6 0
107616 5987 1680 6 0
107828 5987 1680 6 0
108040 5987 1680 6 0
108252 5987 1680 6 0
108464 5988 1680 6 0
108677 5988 1680 6 0
108888 5988 1680 6 0
109101 5990 1680 6 0
109313 5990 1680 6 0
109525 5990 1680 6 0
109738 5991 1680 6 0
109949 5991 1680 6 0
110162 5991 1680 6 0
110373 5992 1680 6 0
110585 5992 1680 6 0
110797 5993 1680 6 0
111009 5993 1680 6 0
111221 5992 1680 6 0
111432 5995 1680 6 0
111642 5995 1680 6 0
111854 5995 1680 6 0
112065 5996 1680 6 0
112278 5996 1680 6 0
112490 5996 1680 6 0
112702 5997 1680 6 0
112913 5997 1680 6 0
113126 5997 1680 6 0
113337 5998 1680 6 0
113549 5998 1680 6 0
113761 5998 1680 6 0
113973 6002 1680 6 0
114184 6002 1680 6 0
114396 6002 1680 6 0
114608 6002 1680 6 0
114819 6002 1680 6 0
115030 6003 1680 6 0
115241 6003 1680 6 0
115452 6003 1680 6 0
115663 6003 1680 6 0
115875 6004 1680 6 0
116086 6004 1680 6 0
116297 6004 1680 6 0
116508 6004 1680 6 0
116720 6004 1680 6 0
116931 6005 1680 6 0
117142 6005 1680 6 0
117351 6005 1680 6 0
117562 6005 1680 6 0
117773 6005 1680 6 0
117986 6005 1680 6 0
118197 6005 1680 6 0
118408 6005 1680 6 0
118619 6005 1680 6 0
118831 6005 1680 6 0
119043 6007 1680 6 0
119254 6008 1680 6 0
119466 6008 1680 6 0
119678 6008 1680 6 0
119890 6009 1680 6 0
120101 6010 1680 6 0
120312 6010 1680 6 0
120524 6011 1680 6 0
120735 6013 1680 6 0
120946 6013 1680 6 0
121157 6014 1680 6 0
121369 6014 1680 6 0
121581 6023 1680 6 0
121793 6023 1680 6 0
122005 6023 1680 6 0
122217 6023 1680 6 0
122428 6024 1680 6 0
122641 6024 1680 6 0
122853 6024 1680 6 0
123065 6024 1680 6 0
123277 6024 1680 6 0
123488 6024 1680 6 0
123700 6024 1680 6 0
123911 6024 1680 6 0
124122 6024 1680 6 0
124334 6024 1680 6 0
124546 6024 1680 6 0
124756 6025 1680 6 0
124968 6024 1680 6 0
125180 6025 1680 6 0
125393 6025 1680 6 0
125605 6026 1680 6 0
125817 6027 1680 6 0
126028 6027 1680 6 0
126240 6027 1680 6 0
126452 6029 1680 6 0
126662 6030 1680 6 0
126873 6030 1680 6 0
127085 6030 1680 6 0
127297 6031 1680 6 0
127509 6031 1680 6 0
127720 6031 1680 6 0
127931 6032 1680 6 0
128142 6032 1680 6 0
128353 6032 1680 6 0
128564 6033 1680 6 0
128776 6033 1680 6 0
128988 6033 1680 6 0
129200 6033 1680 6 0
129412 6033 1680 6 0
129623 6033 1680 6 0
129833 6032 1680 6 0
130045 6032 1680 6 0
130256 6032 1680 6 0
130468 6032 1680 6 0
130680 6032 1680 6 0
130892 6032 1680 6 0
131104 6032 1680 6 0
131316 6031 1680 6 0
131528 6031 1680 6 0
131741 6031 1680 6 0
131953 6031 1680 6 0
132166 6031 1680 6 0
132377 6031 1680 6 0
132589 6031 1680 6 0
132802 6031 1680 6 0
133012 6031 1680 6 0
133224 6031 1680 6 0
133436 6032 1680 6 0
133648 6032 1680 6 0
133860 6033 1680 6 0
134072 6034 1680 6 0
134284 6034 1680 6 0
134495 6035 1680 6 0
134708 6035 1680 6 0
134920 6036 1680 6 0
135132 6037 1680 6 0
135343 6037 1680 6 0
135554 6037 1680 6 0
135766 6037 1680 6 0
135978 6036 1680 6 0
136189 6037 1680 6 0
136401 6037 1680 6 0
136612 6037 1680 6 0
136824 6038 1680 6 0
137036 6038 1680 6 0
137248 6038 1680 6 0
137459 6037 1680 6 0
137672 5668 1680 6 0
137884 5411 1680 6 0
138097 5305 1680 5 0
138309 5306 1680 5 0
138521 5307 1680 5 0
138734 4923 1680 5 0
138947 4588 1680 4 0
139159 4588 1680 4 0
139370 4588 1680 4 0
139581 4588 1680 4 0
139793 4588 1680 4 0
140006 4588 1680 4 0
140218 4588 1680 4 0
140432 4588 1680 4 0
140644 4588 1680 4 0
140856 4588 1680 4 0
141069 4588 1680 4 0
141281 4588 1680 4 0
141493 4588 1680 4 0
141705 4588 1680 4 0
141916 4587 1680 4 0
142128 3134 1680 4 0
142341 1791 1456 1 0
142552 -16 0 0 0
