35053 57888 0 23 11
35266 58022 0 23 11
35478 58094 0 23 11
35689 58123 0 23 11
35901 58171 0 23 11
36112 58161 0 23 11
36326 58194 0 23 11
36538 58209 0 23 11
36750 58223 0 23 11
36962 58229 0 23 11
37174 58232 0 23 11
37386 58231 0 23 11
37597 58229 0 23 11
37808 58233 0 23 11
38020 58231 0 23 11
38232 58234 0 23 11
38444 58233 0 23 11
38655 58232 0 23 11
38867 58234 0 23 11
39308 58238 0 23 11
39521 58235 0 23 11
39733 58238 0 23 11
39943 58237 0 23 11
40156 58240 0 23 11
40369 58238 0 23 11
40581 58240 0 23 11
40794 58238 0 23 11
41006 58239 0 23 11
41218 58239 0 23 11
41431 58238 0 23 11
41642 58239 0 23 11
41853 58239 0 23 11
42066 58238 0 23 11
42276 58241 0 23 11
42488 58241 0 23 11
42700 58240 0 23 11
42912 58240 0 23 11
43124 58240 0 23 11
43334 58240 0 23 11
43545 58243 0 23 11
43757 58244 0 23 11
43969 58244 0 23 11
44181 58244 0 23 11
45210 58241 0 23 11
45422 58242 0 23 11
45634 58246 0 23 11
45845 58246 0 23 11
46058 58246 0 23 11
46270 58246 0 23 11
46481 58246 0 23 11
46693 58248 0 23 11
46905 58245 0 23 11
47117 58247 0 23 11
47328 58247 0 23 11
47540 58246 0 23 11
47752 58247 0 23 11
47965 58243 0 23 11
48176 58243 0 23 11
48387 58245 0 23 11
48599 58245 0 23 11
48810 58245 0 23 11
49022 58240 0 23 11
49233 58242 0 23 11
49443 58240 0 23 11
49654 58240 0 23 11
49866 58237 0 23 11
50077 58237 0 23 11
50431 58236 0 23 11
50642 58236 0 23 11
50854 58240 0 23 11
51066 58235 0 23 11
51279 58235 0 23 11
51490 58242 0 23 11
51702 58241 0 23 11
51913 58238 0 23 11
52126 58241 0 23 11
52337 58241 0 23 11
52550 58245 0 23 11
52762 58245 0 23 11
52974 58242 0 23 11
53185 58237 0 23 11
53397 58236 0 23 11
53608 58236 0 23 11
53820 58236 0 23 11
54031 58232 0 23 11
54243 58232 0 23 11
54456 58234 0 23 11
54668 58234 0 23 11
54880 58233 0 23 11
55092 58234 0 23 11
55303 58236 0 23 11
55540 58233 0 23 11
55752 58233 0 23 11
55963 58231 0 23 11
56175 58230 0 23 11
56388 58232 0 23 11
56600 58233 0 23 11
56813 58231 0 23 11
57025 58229 0 23 11
57237 58229 0 23 11
57449 58228 0 23 11
57660 58230 0 23 11
57873 58224 0 23 11
58085 58226 0 23 11
58297 58224 0 23 11
58509 58226 0 23 11
58720 58224 0 23 11
58932 58216 0 23 11
59145 58219 0 23 11
59357 58221 0 23 11
59570 58221 0 23 11
59782 58221 0 23 11
59993 58216 0 23 11
60203 58216 0 23 11
60416 58216 0 23 11
60626 58218 0 23 11
60837 58218 0 23 11
61048 58213 0 23 11
61260 58214 0 23 11
61472 58215 0 23 11
61683 58216 0 23 11
61895 58218 0 23 11
62107 58219 0 23 11
62320 58219 0 23 11
62531 58220 0 23 11
62743 58221 0 23 11
62955 58216 0 23 11
63167 58216 0 23 11
63381 58216 0 23 11
63593 58216 0 23 11
63805 58217 0 23 11
64019 53839 0 23 11
64232 53522 0 23 11
64447 50926 0 21 10
64659 50562 0 20 9
64870 50562 0 20 9
65083 50561 0 20 9
65295 50561 0 20 9
65508 50562 0 20 9
65721 50562 0 20 9
65933 50561 0 20 9
66145 50563 0 20 9
66357 50565 0 20 9
66569 50566 0 20 9
66780 50566 0 20 9
66992 50564 0 20 9
67203 50565 0 20 9
67415 50566 0 20 9
67627 50566 0 20 9
67839 50566 0 20 9
68052 50563 0 20 9
68264 50563 0 20 9
68476 50564 0 20 9
68688 50564 0 20 9
68900 50566 0 20 9
69113 50566 0 20 9
69325 50568 0 20 9
69537 50568 0 20 9
69749 50568 0 20 9
69960 50568 0 20 9
70171 50570 0 20 9
70383 50570 0 20 9
70596 50570 0 20 9
70807 50570 0 20 9
71019 50570 0 20 9
71230 50571 0 20 9
71441 50571 0 20 9
71655 45867 0 20 9
71869 43677 0 20 9
72081 40793 0 17 6
72294 40426 0 16 5
72506 40427 0 16 5
72718 40428 0 16 5
72930 40427 0 16 5
73143 40427 0 16 5
73355 40427 0 16 5
73568 40427 0 16 5
73781 40427 0 16 5
73994 40427 0 16 5
74206 40427 0 16 5
74419 40428 0 16 5
74632 40428 0 16 5
74844 40428 0 16 5
75056 40428 0 16 5
75268 40429 0 16 5
75481 40429 0 16 5
75693 40429 0 16 5
75905 40429 0 16 5
76118 40430 0 16 5
76330 40430 0 16 5
76541 40430 0 16 5
76753 40430 0 16 5
76967 40430 0 16 5
77179 40430 0 16 5
77390 40430 0 16 5
77602 40431 0 16 5
77815 40431 0 16 5
78026 40431 0 16 5
78238 40432 0 16 5
78450 40432 0 16 5
78662 40432 0 16 5
78874 40432 0 16 5
79086 40081 0 16 5
79297 38237 0 16 5
79510 37894 0 15 4
79721 37894 0 15 4
79934 37894 0 15 4
80146 37895 0 15 4
80358 37895 0 15 4
80569 37895 0 15 4
80782 37895 0 15 4
80993 37896 0 15 4
81206 37897 0 15 4
81419 37898 0 15 4
81632 37897 0 15 4
81844 37897 0 15 4
82056 37897 0 15 4
82268 37897 0 15 4
82480 37897 0 15 4
82691 37898 0 15 4
82903 37897 0 15 4
83115 37897 0 15 4
83326 37898 0 15 4
83537 37898 0 15 4
83749 37898 0 15 4
83960 37899 0 15 4
84170 37900 0 15 4
84381 37901 0 15 4
84593 37901 0 15 4
84804 37902 0 15 4
85015 37902 0 15 4
85227 37903 0 15 4
85441 37903 0 15 4
85652 37903 0 15 4
85863 37904 0 15 4
86074 37904 0 15 4
86285 37905 0 15 4
86497 37906 0 15 4
86710 37905 0 15 4
86921 37905 0 15 4
87133 37906 0 15 4
87346 37906 0 15 4
87558 37906 0 15 4
87770 37906 0 15 4
87981 37905 0 15 4
88194 37905 0 15 4
88407 35733 0 15 4
88620 35382 0 14 3
88833 35383 0 14 3
89044 35383 0 14 3
89257 35383 0 14 3
89469 35383 0 14 3
89681 35383 0 14 3
89893 31041 0 14 3
90107 30330 0 12 1
90320 30019 0 12 1
90536 28148 0 12 1
90748 27817 0 11 0
91466 27817 0 11 0
91678 27817 0 11 0
91890 27817 0 11 0
92101 27816 0 11 0
92313 27817 0 11 0
92525 27816 0 11 0
92739 27816 0 11 0
92951 27817 0 11 0
93162 27817 0 11 0
93374 27817 0 11 0
93586 27817 0 11 0
93798 27817 0 11 0
94009 27817 0 11 0
94220 27817 0 11 0
94433 27817 0 11 0
94645 27817 0 11 0
94857 27817 0 11 0
95070 27817 0 11 0
95280 27818 0 11 0
95491 27818 0 11 0
95703 27818 0 11 0
95915 27818 0 11 0
96126 27818 0 11 0
96338 27818 0 11 0
96550 27818 0 11 0
96761 27816 0 11 0
96973 27816 0 11 0
97185 27817 0 11 0
97397 27818 0 11 0
97609 27818 0 11 0
97819 27820 0 11 0
98032 27820 0 11 0
98243 27821 0 11 0
98455 27821 0 11 0
98665 27822 0 11 0
98877 27822 0 11 0
99089 27823 0 11 0
99300 27451 0 11 0
99514 25548 0 11 0
99725 25270 0 10 0
99937 25271 0 10 0
100148 25270 0 10 0
100360 25271 0 10 0
100572 25272 0 10 0
100784 25272 0 10 0
100995 25272 0 10 0
101207 25272 0 10 0
101419 25272 0 10 0
101631 25272 0 10 0
101843 25272 0 10 0
102055 25272 0 10 0
102266 25273 0 10 0
102480 16612 0 10 0
102692 15505 0 9 0
102904 15126 0 6 0
103115 15127 0 6 0
103326 15128 0 6 0
103538 15128 0 6 0
103749 15128 0 6 0
103962 15129 0 6 0
104174 15130 0 6 0
104386 15130 0 6 0
104597 15130 0 6 0
104809 15130 0 6 0
105021 15130 0 6 0
105233 15130 0 6 0
105445 15130 0 6 0
105658 15130 0 6 0
105869 15131 0 6 0
106081 15131 0 6 0
106293 15132 0 6 0
106505 15132 0 6 0
106716 15133 0 6 0
106928 15133 0 6 0
107141 15134 0 6 0
107353 15134 0 6 0
107565 15135 0 6 0
107778 15136 0 6 0
107989 15136 0 6 0
108201 15136 0 6 0
108413 15137 0 6 0
108624 15137 0 6 0
108836 15138 0 6 0
109048 15138 0 6 0
109261 15139 0 6 0
109472 15139 0 6 0
109685 15139 0 6 0
109897 15139 0 6 0
110109 15139 0 6 0
110321 15139 0 6 0
110532 15139 0 6 0
110743 15139 0 6 0
110956 15138 0 6 0
111167 15138 0 6 0
111379 15138 0 6 0
111590 15138 0 6 0
111802 15139 0 6 0
112015 15139 0 6 0
112228 15139 0 6 0
112439 15138 0 6 0
112651 15138 0 6 0
112862 15138 0 6 0
113074 15138 0 6 0
113286 15138 0 6 0
113497 15138 0 6 0
113710 15138 0 6 0
113921 15138 0 6 0
114133 15138 0 6 0
114345 15138 0 6 0
114557 15138 0 6 0
114769 15138 0 6 0
114982 15138 0 6 0
115195 15138 0 6 0
115406 15138 0 6 0
115617 15138 0 6 0
115829 15138 0 6 0
116041 15138 0 6 0
116252 15138 0 6 0
116464 15138 0 6 0
116675 15138 0 6 0
116886 15139 0 6 0
117097 15139 0 6 0
117309 15139 0 6 0
117521 15139 0 6 0
117732 15139 0 6 0
117943 15140 0 6 0
118156 15140 0 6 0
118367 15141 0 6 0
118579 15141 0 6 0
118792 15142 0 6 0
119004 15143 0 6 0
119214 15143 0 6 0
119426 15143 0 6 0
119637 15143 0 6 0
119849 15143 0 6 0
120062 15143 0 6 0
120273 15143 0 6 0
120485 15142 0 6 0
120696 15142 0 6 0
120907 15143 0 6 0
121119 15143 0 6 0
121329 15143 0 6 0
121542 15143 0 6 0
121753 15143 0 6 0
121965 15143 0 6 0
122177 15143 0 6 0
122388 15144 0 6 0
122600 15144 0 6 0
122812 15144 0 6 0
123025 15145 0 6 0
123235 15145 0 6 0
123449 15145 0 6 0
123660 15145 0 6 0
123872 15145 0 6 0
124085 15145 0 6 0
124297 15145 0 6 0
124509 15146 0 6 0
124722 15146 0 6 0
124934 15146 0 6 0
125146 15146 0 6 0
125357 15146 0 6 0
125569 15147 0 6 0
125783 15146 0 6 0
125994 15148 0 6 0
126206 15148 0 6 0
126417 15148 0 6 0
126629 15148 0 6 0
126840 15148 0 6 0
127053 15148 0 6 0
127264 15148 0 6 0
127476 15148 0 6 0
127688 15148 0 6 0
127899 15148 0 6 0
128111 15147 0 6 0
128322 15148 0 6 0
128534 15148 0 6 0
128746 15148 0 6 0
128958 15148 0 6 0
129170 15149 0 6 0
129380 15150 0 6 0
129592 15150 0 6 0
129803 15150 0 6 0
130015 15150 0 6 0
130227 15150 0 6 0
130438 15150 0 6 0
130649 15149 0 6 0
130860 15150 0 6 0
131071 15150 0 6 0
131283 15150 0 6 0
131494 15151 0 6 0
131706 15151 0 6 0
131917 15151 0 6 0
132129 15151 0 6 0
132340 15151 0 6 0
132552 15151 0 6 0
132763 15151 0 6 0
132977 15151 0 6 0
133188 15151 0 6 0
133401 15151 0 6 0
133613 15155 0 6 0
133825 15156 0 6 0
134038 15156 0 6 0
134250 15156 0 6 0
134461 15156 0 6 0
134672 15157 0 6 0
134885 15157 0 6 0
135096 15158 0 6 0
135308 15158 0 6 0
135520 15159 0 6 0
135730 15159 0 6 0
135941 15159 0 6 0
136152 15160 0 6 0
136364 15160 0 6 0
136576 15160 0 6 0
136788 12979 0 6 0
137001 12631 0 5 0
137214 12631 0 5 0
137426 10438 0 5 0
137639 10086 0 4 0
137850 10088 0 4 0
138061 10088 0 4 0
138272 10090 0 4 0
138484 10091 0 4 0
138696 10091 0 4 0
138908 10092 0 4 0
139121 10092 0 4 0
139333 10093 0 4 0
139545 10094 0 4 0
139757 10094 0 4 0
139969 10095 0 4 0
140182 10095 0 4 0
140394 10095 0 4 0
140606 10096 0 4 0
140820 7925 0 4 0
141034 7578 0 4 0
141247 2864 0 3 0
141460 342 0 1 0
141672 0 0 0 0
