34642 57614 0 23 11
34853 57959 0 23 11
35605 58105 0 23 11
35817 58174 0 23 11
36028 58238 0 23 11
36240 58270 0 23 11
36451 58269 0 23 11
36663 58271 0 23 11
36875 58287 0 23 11
37086 58288 0 23 11
37296 58300 0 23 11
37507 58299 0 23 11
37719 58286 0 23 11
37930 58286 0 23 11
38141 58286 0 23 11
38352 58286 0 23 11
38563 58286 0 23 11
38773 58286 0 23 11
38985 58289 0 23 11
39197 58289 0 23 11
39408 58288 0 23 11
39620 58288 0 23 11
39830 58291 0 23 11
40041 58295 0 23 11
40251 58297 0 23 11
40463 58296 0 23 11
41572 58297 0 23 11
41784 58299 0 23 11
41993 58298 0 23 11
42205 58306 0 23 11
42417 58311 0 23 11
42628 58295 0 23 11
42840 58287 0 23 11
43051 58286 0 23 11
43261 58285 0 23 11
43473 58285 0 23 11
43684 58286 0 23 11
43895 58286 0 23 11
44107 58289 0 23 11
44318 58288 0 23 11
44530 58288 0 23 11
44741 58290 0 23 11
44952 58290 0 23 11
45163 58290 0 23 11
45375 58290 0 23 11
45586 58291 0 23 11
45797 58291 0 23 11
46008 58290 0 23 11
46220 58292 0 23 11
46469 58291 0 23 11
46680 58291 0 23 11
46891 58293 0 23 11
47102 58294 0 23 11
47313 58294 0 23 11
47524 58293 0 23 11
47736 58295 0 23 11
47946 58296 0 23 11
48157 58295 0 23 11
48368 58297 0 23 11
48578 58297 0 23 11
48788 58296 0 23 11
48999 58296 0 23 11
49210 58299 0 23 11
49422 58299 0 23 11
49632 58299 0 23 11
49843 58300 0 23 11
50053 58301 0 23 11
50265 58303 0 23 11
50476 58302 0 23 11
50687 58302 0 23 11
50899 58301 0 23 11
51112 58299 0 23 11
51323 58299 0 23 11
51534 58297 0 23 11
51744 58300 0 23 11
51955 58296 0 23 11
52165 58288 0 23 11
52377 58290 0 23 11
52588 58290 0 23 11
52799 58288 0 23 11
53009 58285 0 23 11
53221 58285 0 23 11
53434 58285 0 23 11
53645 58284 0 23 11
53857 58284 0 23 11
54068 58275 0 23 11
54280 58275 0 23 11
54491 58277 0 23 11
54702 58279 0 23 11
54913 58279 0 23 11
55124 58272 0 23 11
55334 58271 0 23 11
55546 58270 0 23 11
55758 58270 0 23 11
55969 58267 0 23 11
56181 58304 0 23 11
56469 58293 0 23 11
56680 58301 0 23 11
56892 58306 0 23 11
57103 58301 0 23 11
57315 58302 0 23 11
57526 58301 0 23 11
57737 58292 0 23 11
57948 58292 0 23 11
58159 58280 0 23 11
58370 58273 0 23 11
58580 58272 0 23 11
58791 58272 0 23 11
59002 58276 0 23 11
59215 58272 0 23 11
59426 58273 0 23 11
59636 58272 0 23 11
59847 58271 0 23 11
60058 58262 0 23 11
60269 58263 0 23 11
60481 58264 0 23 11
60692 58267 0 23 11
60903 58268 0 23 11
61115 58258 0 23 11
61326 58259 0 23 11
61917 58258 0 23 11
62128 58248 0 23 11
62338 58248 0 23 11
62549 58248 0 23 11
62760 58247 0 23 11
62970 58242 0 23 11
63180 58234 0 23 11
63391 58237 0 23 11
63603 58236 0 23 11
63814 58237 0 23 11
64026 58232 0 23 11
64238 58231 0 23 11
64448 58230 0 23 11
64660 57517 0 23 11
64872 51633 0 23 11
65085 50672 0 21 9
65298 50557 0 20 9
65511 50557 0 20 9
65724 50560 0 20 9
65937 50560 0 20 9
66150 50558 0 20 9
66363 50559 0 20 9
66576 50560 0 20 9
66789 50560 0 20 9
67002 50561 0 20 9
67214 50561 0 20 9
67428 50560 0 20 9
67642 50560 0 20 9
67855 50562 0 20 9
68069 50562 0 20 9
68281 50563 0 20 9
68494 50564 0 20 9
68707 50564 0 20 9
68920 50565 0 20 9
69132 50565 0 20 9
69344 50564 0 20 9
69557 50565 0 20 9
69771 50566 0 20 9
69984 50566 0 20 9
70197 50567 0 20 9
70408 50567 0 20 9
70621 50568 0 20 9
70834 50568 0 20 9
71046 50567 0 20 9
71258 50568 0 20 9
71472 48398 0 20 9
71686 48116 0 20 9
71901 41530 0 19 8
72114 41248 0 19 8
72327 40421 0 16 5
72540 40421 0 16 5
72753 40422 0 16 5
72966 40422 0 16 5
73179 40425 0 16 5
73391 40426 0 16 5
73604 40427 0 16 5
73817 40429 0 16 5
74030 40428 0 16 5
74242 40428 0 16 5
74453 40429 0 16 5
74667 40430 0 16 5
74879 40430 0 16 5
75092 40430 0 16 5
75304 40430 0 16 5
75516 40431 0 16 5
75728 40431 0 16 5
75942 40431 0 16 5
76154 40431 0 16 5
76366 40431 0 16 5
76579 40431 0 16 5
76792 40431 0 16 5
77005 40431 0 16 5
77218 40431 0 16 5
77431 40431 0 16 5
77643 40431 0 16 5
77855 40431 0 16 5
78068 40431 0 16 5
78281 40431 0 16 5
78493 40432 0 16 5
78705 40433 0 16 5
78919 40433 0 16 5
79132 40432 0 16 5
79345 40433 0 16 5
79557 40434 0 16 5
79771 38256 0 16 5
79984 37908 0 15 4
80197 37906 0 15 4
80408 37907 0 15 4
80622 37909 0 15 4
80834 37910 0 15 4
81048 37909 0 15 4
81260 37908 0 15 4
81473 37908 0 15 4
81685 37908 0 15 4
81898 37908 0 15 4
82110 37907 0 15 4
82323 37908 0 15 4
82536 37908 0 15 4
82748 37907 0 15 4
82960 37906 0 15 4
83173 37907 0 15 4
83385 37907 0 15 4
83598 37907 0 15 4
83811 37907 0 15 4
84024 37907 0 15 4
84237 37906 0 15 4
84450 37907 0 15 4
84662 37907 0 15 4
84874 37907 0 15 4
85087 37907 0 15 4
85298 37907 0 15 4
85512 37908 0 15 4
85724 37909 0 15 4
85938 37909 0 15 4
86151 37910 0 15 4
86363 37909 0 15 4
86576 37910 0 15 4
86788 37912 0 15 4
87002 37913 0 15 4
87214 37912 0 15 4
87427 37912 0 15 4
87640 37911 0 15 4
87853 37910 0 15 4
88065 37910 0 15 4
88277 37910 0 15 4
88490 37911 0 15 4
88702 37911 0 15 4
88919 33561 0 15 4
89134 33218 0 15 4
89348 32861 0 13 2
89565 28525 0 13 2
89779 27921 0 12 1
89992 27818 0 11 0
90709 27819 0 11 0
90922 27820 0 11 0
91134 27820 0 11 0
91347 27820 0 11 0
91560 27820 0 11 0
91773 27821 0 11 0
91986 27821 0 11 0
92198 27822 0 11 0
92409 27823 0 11 0
92622 27823 0 11 0
92833 27823 0 11 0
93046 27824 0 11 0
93259 27823 0 11 0
93473 27824 0 11 0
93686 27825 0 11 0
93899 27825 0 11 0
94113 27825 0 11 0
94326 27826 0 11 0
94537 27827 0 11 0
94749 27826 0 11 0
94962 27828 0 11 0
95175 27829 0 11 0
95389 27830 0 11 0
95601 27830 0 11 0
95814 27831 0 11 0
96027 27831 0 11 0
96240 27831 0 11 0
96450 27834 0 11 0
96663 27834 0 11 0
96877 27834 0 11 0
97090 27842 0 11 0
97301 27849 0 11 0
97513 27856 0 11 0
97725 27869 0 11 0
97936 27868 0 11 0
98149 27868 0 11 0
98361 27869 0 11 0
98573 27871 0 11 0
98784 27872 0 11 0
98997 27876 0 11 0
99210 27878 0 11 0
99424 27878 0 11 0
99638 27510 0 11 0
99852 25679 0 11 0
100065 25324 0 10 0
100278 25327 0 10 0
100491 25327 0 10 0
100705 25327 0 10 0
100917 25327 0 10 0
101129 25327 0 10 0
101342 25327 0 10 0
101554 25327 0 10 0
101767 25327 0 10 0
101981 25327 0 10 0
102194 25327 0 10 0
102407 25327 0 10 0
102620 25327 0 10 0
102835 20680 0 10 0
103052 16110 0 10 0
103264 15165 0 6 0
103476 15168 0 6 0
103688 15168 0 6 0
103899 15169 0 6 0
104111 15170 0 6 0
104322 15172 0 6 0
104534 15173 0 6 0
104747 15173 0 6 0
104960 15174 0 6 0
105173 15175 0 6 0
105386 15175 0 6 0
105598 15177 0 6 0
105812 15175 0 6 0
106024 15176 0 6 0
106237 15175 0 6 0
106450 15175 0 6 0
106663 15175 0 6 0
106876 15175 0 6 0
107088 15175 0 6 0
107300 15175 0 6 0
107512 15176 0 6 0
107724 15176 0 6 0
107937 15177 0 6 0
108150 15178 0 6 0
108362 15178 0 6 0
108574 15178 0 6 0
108787 15179 0 6 0
109001 15179 0 6 0
109213 15180 0 6 0
109425 15180 0 6 0
109638 15180 0 6 0
109851 15181 0 6 0
110064 15181 0 6 0
110276 15182 0 6 0
110487 15184 0 6 0
110700 15182 0 6 0
110912 15183 0 6 0
111125 15183 0 6 0
111338 15183 0 6 0
111550 15183 0 6 0
111762 15185 0 6 0
111976 15185 0 6 0
112188 15186 0 6 0
112401 15186 0 6 0
112613 15186 0 6 0
112825 15187 0 6 0
113038 15187 0 6 0
113250 15188 0 6 0
113462 15189 0 6 0
113674 15190 0 6 0
113885 15190 0 6 0
114097 15191 0 6 0
114309 15191 0 6 0
114522 15191 0 6 0
114735 15192 0 6 0
114948 15191 0 6 0
115161 15191 0 6 0
115374 15191 0 6 0
115586 15191 0 6 0
115799 15191 0 6 0
116013 15190 0 6 0
116226 15190 0 6 0
116440 15190 0 6 0
116650 15190 0 6 0
116861 15189 0 6 0
117074 15189 0 6 0
117286 15189 0 6 0
117497 15189 0 6 0
117710 15189 0 6 0
117922 15189 0 6 0
118134 15189 0 6 0
118347 15188 0 6 0
118559 15188 0 6 0
118772 15188 0 6 0
118985 15188 0 6 0
119198 15188 0 6 0
119411 15188 0 6 0
119624 15188 0 6 0
119837 15189 0 6 0
120049 15188 0 6 0
120261 15190 0 6 0
120473 15190 0 6 0
120686 15190 0 6 0
120899 15190 0 6 0
121111 15190 0 6 0
121323 15190 0 6 0
121537 15190 0 6 0
121750 15190 0 6 0
121962 15190 0 6 0
122174 15190 0 6 0
122385 15190 0 6 0
122598 15190 0 6 0
122810 15190 0 6 0
123020 15189 0 6 0
123233 15189 0 6 0
123445 15189 0 6 0
123658 15190 0 6 0
123871 15191 0 6 0
124085 15191 0 6 0
124298 15191 0 6 0
124511 15191 0 6 0
124724 15191 0 6 0
124937 15191 0 6 0
125150 15191 0 6 0
125362 15191 0 6 0
125575 15191 0 6 0
125787 15190 0 6 0
126000 15189 0 6 0
126212 15188 0 6 0
126424 15187 0 6 0
126637 15187 0 6 0
126849 15186 0 6 0
127062 15186 0 6 0
127275 15186 0 6 0
127488 15186 0 6 0
127702 15186 0 6 0
127913 15186 0 6 0
128127 15186 0 6 0
128340 15186 0 6 0
128554 15188 0 6 0
128766 15188 0 6 0
128979 15188 0 6 0
129190 15189 0 6 0
129403 15189 0 6 0
129616 15189 0 6 0
129828 15190 0 6 0
130040 15190 0 6 0
130252 15190 0 6 0
130463 15190 0 6 0
130674 15190 0 6 0
130884 15219 0 6 0
131096 15239 0 6 0
131308 15239 0 6 0
131521 15257 0 6 0
131733 15209 0 6 0
131946 15256 0 6 0
132158 15256 0 6 0
132369 15257 0 6 0
132581 15273 0 6 0
132793 15251 0 6 0
133006 15251 0 6 0
133219 15248 0 6 0
133431 15249 0 6 0
133642 15249 0 6 0
133855 15249 0 6 0
134068 15244 0 6 0
134281 15244 0 6 0
134494 15244 0 6 0
134705 15245 0 6 0
134918 15244 0 6 0
135131 15237 0 6 0
135345 15238 0 6 0
135557 15230 0 6 0
135770 15230 0 6 0
135982 15228 0 6 0
136195 15229 0 6 0
136408 15230 0 6 0
136621 15230 0 6 0
136834 15230 0 6 0
137045 15229 0 6 0
137259 13028 0 6 0
137472 12764 0 6 0
137686 10478 0 5 0
137900 10144 0 4 0
138113 10143 0 4 0
138326 10143 0 4 0
138536 10145 0 4 0
138749 10145 0 4 0
138962 10103 0 4 0
139174 10102 0 4 0
139387 10103 0 4 0
139601 10103 0 4 0
139814 10098 0 4 0
140026 10095 0 4 0
140238 10096 0 4 0
140450 10097 0 4 0
140662 10097 0 4 0
140875 10097 0 4 0
141088 9738 0 4 0
141302 5102 0 4 0
141515 817 0 3 0
141728 10 0 0 0
