31715 18399 2240 23 11
31926 18554 2240 23 11
32139 18629 2240 23 11
32352 18706 2240 23 11
32565 18761 2240 23 11
32777 18822 2240 23 11
32989 18933 2240 23 11
33202 18953 2240 23 11
33414 18973 2240 23 11
33626 18986 2240 23 11
33838 18987 2240 23 11
34051 19007 2240 23 11
34264 19015 2240 23 11
34477 19016 2240 23 11
34689 19016 2240 23 11
34900 19016 2240 23 11
35112 19016 2240 23 11
35324 19016 2240 23 11
35536 19016 2240 23 11
35747 19016 2240 23 11
35960 19016 2240 23 11
36173 19017 2240 23 11
36384 19018 2240 23 11
36596 19018 2240 23 11
36808 19019 2240 23 11
37020 19019 2240 23 11
37231 19019 2240 23 11
37443 19019 2240 23 11
37655 19020 2240 23 11
37868 19020 2240 23 11
38079 19020 2240 23 11
38292 19020 2240 23 11
38503 19020 2240 23 11
38715 19020 2240 23 11
38927 19020 2240 23 11
39139 19020 2240 23 11
39352 19020 2240 23 11
39564 19020 2240 23 11
39777 19020 2240 23 11
39988 19020 2240 23 11
40201 19020 2240 23 11
40413 19020 2240 23 11
40624 19020 2240 23 11
40836 19020 2240 23 11
41049 19020 2240 23 11
41259 19020 2240 23 11
41470 19021 2240 23 11
41683 19021 2240 23 11
41895 19021 2240 23 11
42107 19021 2240 23 11
42318 19021 2240 23 11
42530 19021 2240 23 11
42741 19021 2240 23 11
42953 19022 2240 23 11
43165 19022 2240 23 11
43377 19022 2240 23 11
43589 19022 2240 23 11
43799 19022 2240 23 11
44011 19022 2240 23 11
44222 19022 2240 23 11
44433 19022 2240 23 11
44646 19022 2240 23 11
44858 19022 2240 23 11
45070 19022 2240 23 11
45281 19023 2240 23 11
45493 19023 2240 23 11
45704 19023 2240 23 11
45915 19024 2240 23 11
46127 19024 2240 23 11
46339 19024 2240 23 11
46550 19025 2240 23 11
46762 19025 2240 23 11
46973 19025 2240 23 11
47184 19026 2240 23 11
47397 19026 2240 23 11
47608 19027 2240 23 11
47820 19027 2240 23 11
48031 19028 2240 23 11
48243 19029 2240 23 11
48455 19029 2240 23 11
48666 19030 2240 23 11
48879 19030 2240 23 11
49090 19031 2240 23 11
49302 19032 2240 23 11
49514 19032 2240 23 11
49726 19032 2240 23 11
49937 19033 2240 23 11
50149 19034 2240 23 11
50362 19146 2352 23 11
50574 19146 2352 23 11
50786 19146 2352 23 11
50998 19147 2352 23 11
51210 19147 2352 23 11
51422 19148 2352 23 11
51634 19148 2352 23 11
51846 19148 2352 23 11
52057 19148 2352 23 11
52269 19145 2352 23 11
52481 19145 2352 23 11
52692 19145 2352 23 11
52904 19145 2352 23 11
53117 19145 2352 23 11
53329 19139 2352 23 11
53540 19139 2352 23 11
53752 19139 2352 23 11
53964 19139 2352 23 11
54176 19137 2352 23 11
54387 19136 2352 23 11
54599 19136 2352 23 11
54810 19136 2352 23 11
55022 19136 2352 23 11
55233 19135 2352 23 11
55444 19135 2352 23 11
55656 19135 2352 23 11
55868 19136 2352 23 11
56080 19136 2352 23 11
56292 19136 2352 23 11
56504 19136 2352 23 11
56715 19138 2352 23 11
56927 19138 2352 23 11
57138 19138 2352 23 11
57349 19138 2352 23 11
57560 19138 2352 23 11
57772 19138 2352 23 11
57984 19137 2352 23 11
58195 19137 2352 23 11
58407 19137 2352 23 11
58619 19137 2352 23 11
58831 19137 2352 23 11
59043 19136 2352 23 11
59254 19136 2352 23 11
59466 19136 2352 23 11
59677 19136 2352 23 11
59889 19136 2352 23 11
60101 19135 2352 23 11
60313 19135 2352 23 11
60525 19135 2352 23 11
60736 19135 2352 23 11
60948 19135 2352 23 11
61160 19135 2352 23 11
61373 19135 2352 23 11
61585 19135 2352 23 11
61797 19135 2352 23 11
62009 19135 2352 23 11
62223 18396 2352 23 11
62436 17761 2352 23 11
62648 17031 2352 21 10
62860 16916 2352 20 9
63072 16918 2352 20 9
63283 16917 2352 20 9
63495 16917 2352 20 9
63708 16917 2352 20 9
63920 16918 2352 20 9
64132 16917 2352 20 9
64343 16918 2352 20 9
64556 16918 2352 20 9
64768 16918 2352 20 9
64980 16918 2352 20 9
65192 16918 2352 20 9
65405 16918 2352 20 9
65617 16919 2352 20 9
65828 16919 2352 20 9
66040 16920 2352 20 9
66252 16920 2352 20 9
66464 16920 2352 20 9
66676 16920 2352 20 9
66888 16919 2352 20 9
67098 16919 2352 20 9
67310 16920 2352 20 9
67522 16920 2352 20 9
67733 16921 2352 20 9
67945 16615 2352 20 9
68157 16551 2352 20 9
68371 15876 2352 19 8
68583 15453 2352 19 8
68795 14701 2352 18 7
69008 13955 2352 16 5
69221 13957 2352 16 5
69433 13958 2352 16 5
69644 13959 2352 16 5
69855 13959 2352 16 5
70067 13959 2352 16 5
70278 13959 2352 16 5
70491 13960 2352 16 5
70703 13960 2352 16 5
70916 13960 2352 16 5
71128 13961 2352 16 5
71339 13962 2352 16 5
71550 13962 2352 16 5
71762 13963 2352 16 5
71975 13963 2352 16 5
72187 13964 2352 16 5
72398 13964 2352 16 5
72609 13965 2352 16 5
72820 13965 2352 16 5
73032 13966 2352 16 5
73244 13966 2352 16 5
73456 13967 2352 16 5
73668 13967 2352 16 5
73879 13967 2352 16 5
74091 13967 2352 16 5
74302 13967 2352 16 5
74514 13969 2352 16 5
74727 13969 2352 16 5
74940 13969 2352 16 5
75153 13970 2352 16 5
75365 13970 2352 16 5
75577 13970 2352 16 5
75789 13970 2352 16 5
75999 13970 2352 16 5
76210 13970 2352 16 5
76422 13970 2352 16 5
76635 13970 2352 16 5
76847 13970 2352 16 5
77059 13970 2352 16 5
77271 13971 2352 16 5
77483 13971 2352 16 5
77695 13971 2352 16 5
77908 13971 2352 16 5
78120 13612 2352 16 5
78334 13362 2352 16 5
78547 13263 2352 15 4
78759 13263 2352 15 4
78971 13263 2352 15 4
79184 13263 2352 15 4
79396 13263 2352 15 4
79609 13263 2352 15 4
79821 13263 2352 15 4
80033 13262 2352 15 4
80245 13262 2352 15 4
80457 13262 2352 15 4
80669 13262 2352 15 4
80882 13262 2352 15 4
81095 13263 2352 15 4
81307 13264 2352 15 4
81518 13264 2352 15 4
81731 13265 2352 15 4
81942 13266 2352 15 4
82153 13266 2352 15 4
82365 13266 2352 15 4
82577 13267 2352 15 4
82789 13268 2352 15 4
83002 13268 2352 15 4
83213 13269 2352 15 4
83424 13269 2352 15 4
83636 13270 2352 15 4
83848 13271 2352 15 4
84060 13271 2352 15 4
84273 13271 2352 15 4
84485 13272 2352 15 4
84696 13272 2352 15 4
84909 13272 2352 15 4
85122 13272 2352 15 4
85334 13273 2352 15 4
85547 13273 2352 15 4
85759 13274 2352 15 4
85971 13274 2352 15 4
86182 13275 2352 15 4
86394 13275 2352 15 4
86606 13276 2352 15 4
86819 12918 2352 15 4
87032 11892 2352 14 3
87246 11556 2352 14 3
87461 10531 2128 12 1
87672 9728 1680 11 0
88391 9730 1680 11 0
88603 9730 1680 11 0
88816 9729 1680 11 0
89028 9729 1680 11 0
89240 9729 1680 11 0
89452 9729 1680 11 0
89664 9729 1680 11 0
89876 9729 1680 11 0
90089 9729 1680 11 0
90300 9728 1680 11 0
90513 9728 1680 11 0
90724 9729 1680 11 0
90936 9729 1680 11 0
91148 9729 1680 11 0
91359 9730 1680 11 0
91572 9731 1680 11 0
91784 9732 1680 11 0
91996 9732 1680 11 0
92207 9732 1680 11 0
92419 9732 1680 11 0
92630 9733 1680 11 0
92842 9733 1680 11 0
93053 9733 1680 11 0
93265 9734 1680 11 0
93477 9734 1680 11 0
93689 9734 1680 11 0
93900 9735 1680 11 0
94112 9735 1680 11 0
94325 9735 1680 11 0
94535 9735 1680 11 0
94747 9736 1680 11 0
94959 9736 1680 11 0
95171 9737 1680 11 0
95383 9736 1680 11 0
95593 9736 1680 11 0
95805 9736 1680 11 0
96017 9735 1680 11 0
96228 9735 1680 11 0
96440 9735 1680 11 0
96652 9736 1680 11 0
96865 9356 1680 11 0
97077 9107 1680 11 0
97290 8988 1680 10 0
97502 8988 1680 10 0
97715 8989 1680 10 0
97927 8991 1680 10 0
98140 8991 1680 10 0
98352 8990 1680 10 0
98564 8990 1680 10 0
98777 8990 1680 10 0
98990 8990 1680 10 0
99203 8990 1680 10 0
99415 8989 1680 10 0
99627 8674 1680 10 0
99840 7543 1680 10 0
100053 6346 1680 9 0
100264 6007 1680 6 0
100476 6008 1680 6 0
100689 6008 1680 6 0
100901 6009 1680 6 0
101113 6009 1680 6 0
101325 6010 1680 6 0
101537 6010 1680 6 0
101749 6010 1680 6 0
101961 6010 1680 6 0
102173 6011 1680 6 0
102386 6011 1680 6 0
102598 6010 1680 6 0
102811 6010 1680 6 0
103023 6010 1680 6 0
103236 6010 1680 6 0
103448 6010 1680 6 0
103661 6010 1680 6 0
103873 6010 1680 6 0
104086 6010 1680 6 0
104298 6010 1680 6 0
104510 6010 1680 6 0
104723 6010 1680 6 0
104934 6010 1680 6 0
105146 6010 1680 6 0
105357 6010 1680 6 0
105569 6011 1680 6 0
105781 6011 1680 6 0
105991 6011 1680 6 0
106203 6012 1680 6 0
106415 6012 1680 6 0
106627 6013 1680 6 0
106839 6013 1680 6 0
107051 6014 1680 6 0
107263 6014 1680 6 0
107476 6014 1680 6 0
107687 6014 1680 6 0
107900 6014 1680 6 0
108112 6014 1680 6 0
108325 6014 1680 6 0
108537 6014 1680 6 0
108749 6015 1680 6 0
108961 6016 1680 6 0
109173 6016 1680 6 0
109384 6016 1680 6 0
109596 6017 1680 6 0
109807 6017 1680 6 0
110019 6018 1680 6 0
110232 6019 1680 6 0
110444 6019 1680 6 0
110657 6019 1680 6 0
110869 6020 1680 6 0
111081 6020 1680 6 0
111293 6020 1680 6 0
111504 6020 1680 6 0
111717 6020 1680 6 0
111930 6021 1680 6 0
112142 6021 1680 6 0
112353 6020 1680 6 0
112566 6020 1680 6 0
112778 6020 1680 6 0
112989 6020 1680 6 0
113201 6021 1680 6 0
113412 6022 1680 6 0
113624 6022 1680 6 0
113836 6022 1680 6 0
114047 6023 1680 6 0
114258 6023 1680 6 0
114469 6023 1680 6 0
114680 6023 1680 6 0
114891 6024 1680 6 0
115103 6024 1680 6 0
115313 6025 1680 6 0
115524 6025 1680 6 0
115736 6025 1680 6 0
115948 6026 1680 6 0
116160 6026 1680 6 0
116371 6027 1680 6 0
116583 6027 1680 6 0
116794 6028 1680 6 0
117005 6028 1680 6 0
117216 6029 1680 6 0
117428 6029 1680 6 0
117640 6030 1680 6 0
117852 6030 1680 6 0
118063 6030 1680 6 0
118275 6031 1680 6 0
118486 6032 1680 6 0
118698 6032 1680 6 0
118909 6032 1680 6 0
119119 6033 1680 6 0
119331 6033 1680 6 0
119543 6034 1680 6 0
119754 6035 1680 6 0
119965 6035 1680 6 0
120177 6035 1680 6 0
120389 6035 1680 6 0
120600 6036 1680 6 0
120812 6036 1680 6 0
121024 6037 1680 6 0
121236 6037 1680 6 0
121445 6038 1680 6 0
121656 6038 1680 6 0
121867 6039 1680 6 0
122079 6040 1680 6 0
122291 6039 1680 6 0
122502 6041 1680 6 0
122715 6041 1680 6 0
122927 6041 1680 6 0
123137 6041 1680 6 0
123349 6042 1680 6 0
123562 6042 1680 6 0
123773 6043 1680 6 0
123984 6043 1680 6 0
124196 6044 1680 6 0
124406 6044 1680 6 0
124617 6044 1680 6 0
124828 6044 1680 6 0
125039 6045 1680 6 0
125250 6046 1680 6 0
125461 6045 1680 6 0
125673 6046 1680 6 0
125884 6046 1680 6 0
126095 6046 1680 6 0
126307 6047 1680 6 0
126518 6047 1680 6 0
126729 6047 1680 6 0
126941 6048 1680 6 0
127151 6049 1680 6 0
127363 6048 1680 6 0
127574 6048 1680 6 0
127786 6049 1680 6 0
127997 6049 1680 6 0
128209 6049 1680 6 0
128419 6048 1680 6 0
128630 6050 1680 6 0
128842 6050 1680 6 0
129054 6050 1680 6 0
129265 6051 1680 6 0
129475 6051 1680 6 0
129688 6050 1680 6 0
129899 6051 1680 6 0
130112 6051 1680 6 0
130323 6051 1680 6 0
130535 6050 1680 6 0
130747 6050 1680 6 0
130959 6050 1680 6 0
131171 6050 1680 6 0
131383 6049 1680 6 0
131595 6049 1680 6 0
131807 6049 1680 6 0
132019 6049 1680 6 0
132230 6049 1680 6 0
132442 6049 1680 6 0
132653 6049 1680 6 0
132865 6049 1680 6 0
133078 6049 1680 6 0
133291 6049 1680 6 0
133503 6049 1680 6 0
133715 6049 1680 6 0
133927 6049 1680 6 0
134140 6050 1680 6 0
134352 6050 1680 6 0
134564 6050 1680 6 0
134775 6051 1680 6 0
134987 6051 1680 6 0
135198 6051 1680 6 0
135412 6050 1680 6 0
135623 6051 1680 6 0
135836 6052 1680 6 0
136048 6052 1680 6 0
136261 6051 1680 6 0
136472 6051 1680 6 0
136684 6052 1680 6 0
136896 6052 1680 6 0
137109 6053 1680 6 0
137319 6053 1680 6 0
137531 6053 1680 6 0
137744 5672 1680 6 0
137957 5328 1680 5 0
138168 5328 1680 5 0
138379 5328 1680 5 0
138592 4956 1680 5 0
138805 4704 1680 5 0
139017 4599 1680 4 0
139229 4599 1680 4 0
139441 4597 1680 4 0
139652 4599 1680 4 0
139864 4599 1680 4 0
140076 4599 1680 4 0
140289 4598 1680 4 0
140500 4598 1680 4 0
140712 4598 1680 4 0
140924 4598 1680 4 0
141135 4598 1680 4 0
141346 4598 1680 4 0
141558 4598 1680 4 0
141770 4598 1680 4 0
141982 3561 1680 4 0
142194 2735 1680 4 0
142405 -4 0 0 0
