34561 57734 0 23 11
34773 57869 0 23 11
34985 57870 0 23 11
35197 57926 0 23 11
35412 58002 0 23 11
35624 58090 0 23 11
35835 58108 0 23 11
36048 58154 0 23 11
36331 58180 0 23 11
36544 58181 0 23 11
36756 58200 0 23 11
36969 58197 0 23 11
37181 58207 0 23 11
37393 58210 0 23 11
37603 58209 0 23 11
37815 58208 0 23 11
38026 58212 0 23 11
38237 58211 0 23 11
38449 58211 0 23 11
38661 58213 0 23 11
38872 58212 0 23 11
39083 58212 0 23 11
39296 58215 0 23 11
39508 58214 0 23 11
39720 58216 0 23 11
39931 58215 0 23 11
40142 58215 0 23 11
40353 58218 0 23 11
40565 58216 0 23 11
40777 58219 0 23 11
40989 58221 0 23 11
41201 58221 0 23 11
42281 58212 0 23 11
42493 58216 0 23 11
42705 58214 0 23 11
42915 58215 0 23 11
43127 58218 0 23 11
43338 58218 0 23 11
43550 58218 0 23 11
43761 58217 0 23 11
43973 58217 0 23 11
44185 58216 0 23 11
44397 58216 0 23 11
44609 58218 0 23 11
44822 58218 0 23 11
45034 58218 0 23 11
45246 58220 0 23 11
45458 58218 0 23 11
45670 58218 0 23 11
45882 58218 0 23 11
46093 58218 0 23 11
46305 58220 0 23 11
46517 58223 0 23 11
46729 58223 0 23 11
46941 58224 0 23 11
47153 58215 0 23 11
48409 58212 0 23 11
48621 58213 0 23 11
48833 58212 0 23 11
49044 58194 0 23 11
49255 58196 0 23 11
49466 58196 0 23 11
49678 58195 0 23 11
49889 58194 0 23 11
50101 58196 0 23 11
50313 58195 0 23 11
50522 58195 0 23 11
50733 58196 0 23 11
50945 58183 0 23 11
51156 58187 0 23 11
51368 58185 0 23 11
51580 58184 0 23 11
51791 58183 0 23 11
52003 58186 0 23 11
52215 58186 0 23 11
52427 58184 0 23 11
52640 58186 0 23 11
52853 58188 0 23 11
53065 58186 0 23 11
53276 58185 0 23 11
53537 58186 0 23 11
53749 58185 0 23 11
53960 58186 0 23 11
54172 58186 0 23 11
54382 58185 0 23 11
54594 58185 0 23 11
54806 58185 0 23 11
55018 58185 0 23 11
55230 58187 0 23 11
55441 58183 0 23 11
55654 58183 0 23 11
55866 58184 0 23 11
56078 58184 0 23 11
56290 58182 0 23 11
56502 58179 0 23 11
56714 58179 0 23 11
56926 58179 0 23 11
57139 58179 0 23 11
57350 58176 0 23 11
57562 58174 0 23 11
57774 58174 0 23 11
57986 58175 0 23 11
58198 58175 0 23 11
58410 58167 0 23 11
58621 58169 0 23 11
58833 58170 0 23 11
59046 58171 0 23 11
59257 58171 0 23 11
59469 58171 0 23 11
59681 58171 0 23 11
59893 58171 0 23 11
60106 58171 0 23 11
60318 58171 0 23 11
60529 58167 0 23 11
60740 58168 0 23 11
60952 58170 0 23 11
61163 58169 0 23 11
61375 58166 0 23 11
61587 58166 0 23 11
61799 58166 0 23 11
62010 58166 0 23 11
62222 58167 0 23 11
62433 58158 0 23 11
62644 58159 0 23 11
62855 58159 0 23 11
63067 58160 0 23 11
63278 58160 0 23 11
63490 58156 0 23 11
63701 58153 0 23 11
63912 58154 0 23 11
64123 58154 0 23 11
64335 55961 0 23 11
64548 55606 0 22 10
64762 51252 0 22 10
64975 50875 0 22 10
65187 50500 0 20 9
65401 50501 0 20 9
65613 50501 0 20 9
65825 50502 0 20 9
66038 50502 0 20 9
66249 50503 0 20 9
66460 50503 0 20 9
66672 50504 0 20 9
66884 50504 0 20 9
67096 50505 0 20 9
67308 50505 0 20 9
67520 50506 0 20 9
67733 50507 0 20 9
67945 50507 0 20 9
68156 50508 0 20 9
68368 50508 0 20 9
68579 50509 0 20 9
68791 50510 0 20 9
69002 50511 0 20 9
69215 50511 0 20 9
69426 50512 0 20 9
69637 50512 0 20 9
69849 50513 0 20 9
70060 50513 0 20 9
70272 50513 0 20 9
70483 50514 0 20 9
70694 50516 0 20 9
70906 50516 0 20 9
71118 50516 0 20 9
71330 50518 0 20 9
71542 50518 0 20 9
71753 50519 0 20 9
71967 46188 0 20 9
72182 45689 0 20 9
72396 41125 0 18 7
72610 40699 0 18 7
72822 40373 0 16 5
73034 40374 0 16 5
73246 40374 0 16 5
73459 40372 0 16 5
73671 40373 0 16 5
73884 40374 0 16 5
74096 40374 0 16 5
74307 40374 0 16 5
74519 40373 0 16 5
74731 40374 0 16 5
74943 40375 0 16 5
75154 40376 0 16 5
75367 40377 0 16 5
75579 40377 0 16 5
75792 40378 0 16 5
76005 40378 0 16 5
76217 40379 0 16 5
76429 40379 0 16 5
76641 40380 0 16 5
76854 40381 0 16 5
77067 40381 0 16 5
77278 40381 0 16 5
77490 40381 0 16 5
77702 40381 0 16 5
77915 40381 0 16 5
78126 40381 0 16 5
78338 40381 0 16 5
78551 40381 0 16 5
78763 40381 0 16 5
78975 40381 0 16 5
79186 40381 0 16 5
79398 40381 0 16 5
79610 40382 0 16 5
79823 40382 0 16 5
80035 40382 0 16 5
80245 40382 0 16 5
80458 38211 0 16 5
80671 37955 0 16 5
80883 37855 0 15 4
81095 37856 0 15 4
81306 37856 0 15 4
81519 37856 0 15 4
81731 37857 0 15 4
81944 37857 0 15 4
82156 37857 0 15 4
82369 37857 0 15 4
82581 37857 0 15 4
82793 37857 0 15 4
83004 37857 0 15 4
83216 37857 0 15 4
83429 37857 0 15 4
83641 37857 0 15 4
83854 37858 0 15 4
84065 37860 0 15 4
84277 37860 0 15 4
84488 37860 0 15 4
84700 37860 0 15 4
84912 37860 0 15 4
85125 37860 0 15 4
85338 37860 0 15 4
85549 37860 0 15 4
85761 37860 0 15 4
85973 37861 0 15 4
86185 37862 0 15 4
86397 37863 0 15 4
86608 37863 0 15 4
86821 37863 0 15 4
87034 37864 0 15 4
87246 37864 0 15 4
87458 37865 0 15 4
87669 37865 0 15 4
87880 37865 0 15 4
88093 37865 0 15 4
88305 37865 0 15 4
88516 37865 0 15 4
88730 37865 0 15 4
88942 37865 0 15 4
89154 37865 0 15 4
89366 37866 0 15 4
89578 37866 0 15 4
89791 35685 0 15 4
90003 35342 0 14 3
90215 35344 0 14 3
90429 32871 0 14 3
90642 28800 0 14 3
90855 27787 0 11 0
91572 27790 0 11 0
91784 27791 0 11 0
91997 27791 0 11 0
92210 27792 0 11 0
92423 27792 0 11 0
92635 27793 0 11 0
92846 27793 0 11 0
93058 27794 0 11 0
93271 27794 0 11 0
93484 27795 0 11 0
93696 27795 0 11 0
93908 27795 0 11 0
94120 27795 0 11 0
94332 27795 0 11 0
94544 27796 0 11 0
94756 27796 0 11 0
94967 27796 0 11 0
95179 27796 0 11 0
95391 27797 0 11 0
95603 27797 0 11 0
95816 27798 0 11 0
96029 27798 0 11 0
96241 27798 0 11 0
96452 27798 0 11 0
96665 27799 0 11 0
96876 27799 0 11 0
97089 27800 0 11 0
97301 27800 0 11 0
97513 27800 0 11 0
97725 27800 0 11 0
97938 27800 0 11 0
98149 27800 0 11 0
98361 27800 0 11 0
98573 27800 0 11 0
98785 27800 0 11 0
98998 27800 0 11 0
99210 27801 0 11 0
99422 27801 0 11 0
99636 25623 0 11 0
99851 25523 0 11 0
100063 25248 0 10 0
100274 25248 0 10 0
100486 25248 0 10 0
100698 25249 0 10 0
100910 25249 0 10 0
101124 25249 0 10 0
101336 25249 0 10 0
101548 25250 0 10 0
101760 25250 0 10 0
101973 25250 0 10 0
102183 25249 0 10 0
102395 25249 0 10 0
102607 25249 0 10 0
102820 25249 0 10 0
103033 24938 0 10 0
103245 16585 0 10 0
103456 15470 0 10 0
103669 15098 0 6 0
103880 15098 0 6 0
104092 15098 0 6 0
104303 15098 0 6 0
104514 15099 0 6 0
104726 15099 0 6 0
104937 15099 0 6 0
105149 15100 0 6 0
105361 15100 0 6 0
105573 15100 0 6 0
105784 15100 0 6 0
105996 15101 0 6 0
106207 15101 0 6 0
106419 15101 0 6 0
106630 15102 0 6 0
106842 15102 0 6 0
107054 15102 0 6 0
107265 15102 0 6 0
107477 15103 0 6 0
107687 15103 0 6 0
107898 15104 0 6 0
108110 15104 0 6 0
108321 15105 0 6 0
108531 15106 0 6 0
108743 15106 0 6 0
108955 15107 0 6 0
109167 15108 0 6 0
109379 15108 0 6 0
109591 15108 0 6 0
109802 15109 0 6 0
110014 15109 0 6 0
110227 15110 0 6 0
110439 15111 0 6 0
110650 15113 0 6 0
110861 15112 0 6 0
111074 15112 0 6 0
111286 15113 0 6 0
111498 15113 0 6 0
111709 15114 0 6 0
111921 15115 0 6 0
112132 15115 0 6 0
112344 15116 0 6 0
112555 15116 0 6 0
112766 15116 0 6 0
112977 15117 0 6 0
113187 15117 0 6 0
113399 15118 0 6 0
113610 15118 0 6 0
113821 15118 0 6 0
114031 15119 0 6 0
114243 15119 0 6 0
114454 15120 0 6 0
114665 15120 0 6 0
114876 15120 0 6 0
115088 15121 0 6 0
115299 15121 0 6 0
115510 15122 0 6 0
115721 15122 0 6 0
115933 15122 0 6 0
116143 15123 0 6 0
116356 15123 0 6 0
116567 15123 0 6 0
116778 15124 0 6 0
116989 15124 0 6 0
117201 15125 0 6 0
117413 15125 0 6 0
117624 15126 0 6 0
117836 15126 0 6 0
118048 15126 0 6 0
118259 15127 0 6 0
118470 15127 0 6 0
118681 15127 0 6 0
118892 15128 0 6 0
119104 15128 0 6 0
119315 15130 0 6 0
119527 15130 0 6 0
119739 15130 0 6 0
119951 15130 0 6 0
120162 15130 0 6 0
120374 15130 0 6 0
120585 15130 0 6 0
120797 15130 0 6 0
121008 15130 0 6 0
121219 15131 0 6 0
121430 15131 0 6 0
121641 15131 0 6 0
121853 15131 0 6 0
122064 15132 0 6 0
122275 15132 0 6 0
122487 15132 0 6 0
122698 15132 0 6 0
122909 15132 0 6 0
123120 15132 0 6 0
123331 15132 0 6 0
123543 15133 0 6 0
123756 15133 0 6 0
123968 15134 0 6 0
124180 15134 0 6 0
124392 15134 0 6 0
124603 15137 0 6 0
124816 15137 0 6 0
125027 15137 0 6 0
125238 15138 0 6 0
125451 15139 0 6 0
125662 15139 0 6 0
125873 15139 0 6 0
126085 15140 0 6 0
126297 15140 0 6 0
126508 15141 0 6 0
126720 15142 0 6 0
126933 15142 0 6 0
127145 15143 0 6 0
127358 15142 0 6 0
127570 15143 0 6 0
127782 15143 0 6 0
127993 15143 0 6 0
128206 15143 0 6 0
128419 15143 0 6 0
128632 15142 0 6 0
128844 15142 0 6 0
129055 15142 0 6 0
129267 15141 0 6 0
129479 15141 0 6 0
129691 15141 0 6 0
129903 15141 0 6 0
130114 15141 0 6 0
130325 15141 0 6 0
130538 15140 0 6 0
130749 15140 0 6 0
130962 15140 0 6 0
131174 15140 0 6 0
131386 15140 0 6 0
131597 15139 0 6 0
131809 15139 0 6 0
132021 15139 0 6 0
132233 15138 0 6 0
132445 15138 0 6 0
132658 15139 0 6 0
132870 15138 0 6 0
133082 15139 0 6 0
133294 15139 0 6 0
133505 15139 0 6 0
133717 15139 0 6 0
133929 15140 0 6 0
134140 15141 0 6 0
134352 15141 0 6 0
134564 15141 0 6 0
134775 15141 0 6 0
134987 15142 0 6 0
135198 15142 0 6 0
135411 15142 0 6 0
135623 15143 0 6 0
135835 15144 0 6 0
136046 15143 0 6 0
136259 15145 0 6 0
136470 15145 0 6 0
136682 15145 0 6 0
136893 15145 0 6 0
137106 15145 0 6 0
137317 15146 0 6 0
137529 15145 0 6 0
137740 15145 0 6 0
137953 15145 0 6 0
138165 12957 0 6 0
138377 10531 0 6 0
138590 10186 0 5 0
138802 10078 0 4 0
139014 10078 0 4 0
139226 10078 0 4 0
139437 10077 0 4 0
139650 10078 0 4 0
139861 10078 0 4 0
140073 10077 0 4 0
140285 10077 0 4 0
140495 10077 0 4 0
140709 10080 0 4 0
140921 10080 0 4 0
141132 10080 0 4 0
141344 10080 0 4 0
141555 10081 0 4 0
141766 10081 0 4 0
141979 7549 0 4 0
142191 1235 0 4 0
142403 315 0 1 0
142614 -12 0 0 0
