34683 57804 0 23 11
34894 57969 0 23 11
35233 58030 0 23 11
35445 58130 0 23 11
35657 58183 0 23 11
35869 58199 0 23 11
36081 58287 0 23 11
36293 58282 0 23 11
36503 58294 0 23 11
36716 58302 0 23 11
36927 58309 0 23 11
37140 58320 0 23 11
37352 58321 0 23 11
37564 58324 0 23 11
37776 58324 0 23 11
37987 58323 0 23 11
38198 58324 0 23 11
38409 58327 0 23 11
38620 58326 0 23 11
38832 58329 0 23 11
39043 58331 0 23 11
39255 58332 0 23 11
39467 58304 0 23 11
39679 58303 0 23 11
39891 58304 0 23 11
40716 58302 0 23 11
40928 58302 0 23 11
41141 58304 0 23 11
41353 58303 0 23 11
41563 58305 0 23 11
41775 58308 0 23 11
41986 58307 0 23 11
42198 58307 0 23 11
42410 58306 0 23 11
42621 58305 0 23 11
42833 58307 0 23 11
43047 58307 0 23 11
43257 58307 0 23 11
43469 58306 0 23 11
43680 58306 0 23 11
43891 58305 0 23 11
44102 58305 0 23 11
44313 58309 0 23 11
44525 58309 0 23 11
44736 58310 0 23 11
44947 58309 0 23 11
45712 58307 0 23 11
45924 58309 0 23 11
46136 58306 0 23 11
46347 58306 0 23 11
46559 58305 0 23 11
46770 58307 0 23 11
46982 58310 0 23 11
47193 58311 0 23 11
47404 58311 0 23 11
47615 58311 0 23 11
47828 58312 0 23 11
48041 58311 0 23 11
48254 58312 0 23 11
48465 58310 0 23 11
48678 58315 0 23 11
48889 58290 0 23 11
49101 58288 0 23 11
49314 58286 0 23 11
49526 58289 0 23 11
49737 58286 0 23 11
49949 58285 0 23 11
50161 58288 0 23 11
50373 58286 0 23 11
50584 58282 0 23 11
50862 58280 0 23 11
51073 58278 0 23 11
51285 58281 0 23 11
51497 58280 0 23 11
51708 58272 0 23 11
51920 58259 0 23 11
52133 58261 0 23 11
52345 58260 0 23 11
52556 58261 0 23 11
52767 58259 0 23 11
52978 58257 0 23 11
53190 58228 0 23 11
53401 58227 0 23 11
53613 58226 0 23 11
53824 58225 0 23 11
54035 58225 0 23 11
54247 58227 0 23 11
54458 58228 0 23 11
54670 58223 0 23 11
54882 58222 0 23 11
55094 58222 0 23 11
55305 58222 0 23 11
55518 58223 0 23 11
55729 58219 0 23 11
55940 58219 0 23 11
56151 58221 0 23 11
56363 58221 0 23 11
56574 58221 0 23 11
56786 58220 0 23 11
56998 58221 0 23 11
57210 58221 0 23 11
57421 58222 0 23 11
57632 58221 0 23 11
57844 58222 0 23 11
58056 58224 0 23 11
58268 58224 0 23 11
58480 58225 0 23 11
58693 58221 0 23 11
58905 58222 0 23 11
59117 58223 0 23 11
59329 58222 0 23 11
59540 58217 0 23 11
59753 58218 0 23 11
59964 58218 0 23 11
60177 58218 0 23 11
60389 58218 0 23 11
60603 58212 0 23 11
60824 58213 0 23 11
61035 58214 0 23 11
61247 58214 0 23 11
61459 58215 0 23 11
61670 58210 0 23 11
61882 58210 0 23 11
62095 58211 0 23 11
62307 58212 0 23 11
62518 58206 0 23 11
62729 58207 0 23 11
62941 58207 0 23 11
63153 58208 0 23 11
63365 58208 0 23 11
63577 58204 0 23 11
63789 53856 0 23 11
64002 53686 0 23 11
64214 52733 0 21 10
64427 50903 0 21 10
64639 50540 0 20 9
64852 50540 0 20 9
65065 50541 0 20 9
65277 50539 0 20 9
65489 50540 0 20 9
65701 50538 0 20 9
65914 50539 0 20 9
66126 50539 0 20 9
66338 50540 0 20 9
66550 50538 0 20 9
66762 50538 0 20 9
66974 50540 0 20 9
67186 50540 0 20 9
67398 50540 0 20 9
67610 50538 0 20 9
67821 50539 0 20 9
68033 50540 0 20 9
68244 50540 0 20 9
68455 50540 0 20 9
68667 50540 0 20 9
68879 50540 0 20 9
69091 50540 0 20 9
69303 50540 0 20 9
69514 50540 0 20 9
69727 50540 0 20 9
69939 50540 0 20 9
70151 50540 0 20 9
70363 50540 0 20 9
70574 50538 0 20 9
70786 50538 0 20 9
70997 50176 0 20 9
71211 48332 0 20 9
71424 45111 0 19 8
71636 41460 0 19 8
71848 40406 0 16 5
72060 40407 0 16 5
72272 40407 0 16 5
72484 40407 0 16 5
72696 40408 0 16 5
72909 40409 0 16 5
73121 40409 0 16 5
73333 40409 0 16 5
73545 40410 0 16 5
73757 40411 0 16 5
73968 40411 0 16 5
74181 40411 0 16 5
74392 40411 0 16 5
74604 40411 0 16 5
74816 40412 0 16 5
75027 40412 0 16 5
75240 40413 0 16 5
75453 40412 0 16 5
75663 40412 0 16 5
75875 40412 0 16 5
76087 40412 0 16 5
76299 40414 0 16 5
76509 40415 0 16 5
76721 40415 0 16 5
76933 40416 0 16 5
77144 40417 0 16 5
77356 40418 0 16 5
77567 40418 0 16 5
77779 40418 0 16 5
77991 40418 0 16 5
78203 40421 0 16 5
78416 38240 0 16 5
78628 37986 0 16 5
78840 37883 0 15 4
79051 37885 0 15 4
79262 37886 0 15 4
79474 37886 0 15 4
79685 37886 0 15 4
79897 37886 0 15 4
80109 37886 0 15 4
80322 37886 0 15 4
80534 37886 0 15 4
80747 37886 0 15 4
80959 37886 0 15 4
81171 37886 0 15 4
81383 37886 0 15 4
81595 37885 0 15 4
81805 37887 0 15 4
82017 37887 0 15 4
82228 37887 0 15 4
82441 37887 0 15 4
82653 37886 0 15 4
82865 37886 0 15 4
83076 37886 0 15 4
83287 37886 0 15 4
83499 37886 0 15 4
83711 37886 0 15 4
83923 37886 0 15 4
84134 37886 0 15 4
84347 37886 0 15 4
84557 37886 0 15 4
84769 37886 0 15 4
84980 37886 0 15 4
85191 37886 0 15 4
85403 37886 0 15 4
85615 37886 0 15 4
85826 37886 0 15 4
86039 37887 0 15 4
86250 37887 0 15 4
86461 37888 0 15 4
86672 37888 0 15 4
86884 37889 0 15 4
87095 37889 0 15 4
87307 37890 0 15 4
87519 37890 0 15 4
87731 37891 0 15 4
87943 37891 0 15 4
88154 37892 0 15 4
88365 37892 0 15 4
88579 33206 0 15 4
88792 30896 0 15 4
89005 30340 0 12 1
89217 30341 0 12 1
89429 30340 0 12 1
89643 28162 0 12 1
89856 27824 0 11 0
90574 27824 0 11 0
90786 27824 0 11 0
90998 27824 0 11 0
91211 27824 0 11 0
91423 27824 0 11 0
91636 27824 0 11 0
91849 27824 0 11 0
92060 27824 0 11 0
92272 27824 0 11 0
92484 27824 0 11 0
92695 27824 0 11 0
92908 27824 0 11 0
93120 27824 0 11 0
93333 27824 0 11 0
93545 27824 0 11 0
93757 27824 0 11 0
93970 27824 0 11 0
94182 27824 0 11 0
94393 27824 0 11 0
94605 27824 0 11 0
94817 27824 0 11 0
95029 27824 0 11 0
95241 27824 0 11 0
95453 27824 0 11 0
95665 27824 0 11 0
95877 27824 0 11 0
96090 27825 0 11 0
96303 27825 0 11 0
96515 27825 0 11 0
96727 27826 0 11 0
96939 27826 0 11 0
97150 27827 0 11 0
97362 27827 0 11 0
97575 27828 0 11 0
97786 27828 0 11 0
97999 27829 0 11 0
98210 27829 0 11 0
98421 27829 0 11 0
98633 27828 0 11 0
98844 27828 0 11 0
99055 27458 0 11 0
99267 25633 0 11 0
99478 25285 0 10 0
99691 25286 0 10 0
99904 25286 0 10 0
100116 25286 0 10 0
100328 25286 0 10 0
100541 25286 0 10 0
100752 25286 0 10 0
100964 25286 0 10 0
101176 25286 0 10 0
101388 25286 0 10 0
101600 25286 0 10 0
101813 25286 0 10 0
102025 25287 0 10 0
102237 25287 0 10 0
102450 22177 0 10 0
102663 16584 0 10 0
102876 15231 0 7 0
103088 15114 0 6 0
103300 15115 0 6 0
103512 15112 0 6 0
103724 15113 0 6 0
103936 15113 0 6 0
104148 15113 0 6 0
104360 15114 0 6 0
104572 15115 0 6 0
104783 15116 0 6 0
104993 15116 0 6 0
105205 15116 0 6 0
105417 15116 0 6 0
105629 15116 0 6 0
105842 15116 0 6 0
106054 15116 0 6 0
106266 15117 0 6 0
106478 15117 0 6 0
106690 15117 0 6 0
106902 15118 0 6 0
107115 15121 0 6 0
107327 15122 0 6 0
107539 15123 0 6 0
107751 15123 0 6 0
107964 15123 0 6 0
108176 15123 0 6 0
108389 15123 0 6 0
108601 15123 0 6 0
108813 15123 0 6 0
109025 15123 0 6 0
109237 15123 0 6 0
109449 15123 0 6 0
109661 15123 0 6 0
109873 15123 0 6 0
110085 15123 0 6 0
110298 15123 0 6 0
110510 15123 0 6 0
110722 15123 0 6 0
110935 15123 0 6 0
111147 15123 0 6 0
111360 15123 0 6 0
111571 15123 0 6 0
111783 15124 0 6 0
111995 15124 0 6 0
112207 15125 0 6 0
112418 15125 0 6 0
112629 15125 0 6 0
112841 15126 0 6 0
113053 15126 0 6 0
113265 15126 0 6 0
113477 15127 0 6 0
113689 15127 0 6 0
113901 15127 0 6 0
114113 15127 0 6 0
114325 15127 0 6 0
114536 15128 0 6 0
114749 15128 0 6 0
114960 15128 0 6 0
115173 15129 0 6 0
115385 15129 0 6 0
115597 15130 0 6 0
115809 15130 0 6 0
116021 15131 0 6 0
116233 15131 0 6 0
116444 15133 0 6 0
116656 15133 0 6 0
116869 15134 0 6 0
117080 15135 0 6 0
117293 15135 0 6 0
117504 15135 0 6 0
117716 15136 0 6 0
117928 15136 0 6 0
118139 15137 0 6 0
118351 15137 0 6 0
118564 15137 0 6 0
118775 15138 0 6 0
118986 15138 0 6 0
119197 15138 0 6 0
119409 15138 0 6 0
119621 15138 0 6 0
119832 15137 0 6 0
120044 15138 0 6 0
120255 15137 0 6 0
120467 15138 0 6 0
120679 15138 0 6 0
120891 15137 0 6 0
121104 15137 0 6 0
121317 15138 0 6 0
121529 15139 0 6 0
121740 15141 0 6 0
121951 15141 0 6 0
122163 15141 0 6 0
122375 15141 0 6 0
122588 15141 0 6 0
122800 15141 0 6 0
123012 15142 0 6 0
123225 15142 0 6 0
123437 15142 0 6 0
123649 15143 0 6 0
123862 15143 0 6 0
124073 15143 0 6 0
124286 15142 0 6 0
124498 15142 0 6 0
124710 15142 0 6 0
124922 15142 0 6 0
125134 15142 0 6 0
125346 15142 0 6 0
125558 15142 0 6 0
125770 15142 0 6 0
125983 15143 0 6 0
126193 15143 0 6 0
126405 15143 0 6 0
126617 15143 0 6 0
126829 15143 0 6 0
127040 15142 0 6 0
127251 15143 0 6 0
127463 15143 0 6 0
127674 15142 0 6 0
127886 15142 0 6 0
128097 15142 0 6 0
128308 15142 0 6 0
128520 15142 0 6 0
128731 15142 0 6 0
128942 15142 0 6 0
129154 15141 0 6 0
129365 15141 0 6 0
129577 15141 0 6 0
129788 15141 0 6 0
129999 15142 0 6 0
130211 15142 0 6 0
130422 15142 0 6 0
130633 15143 0 6 0
130845 15144 0 6 0
131056 15144 0 6 0
131268 15144 0 6 0
131479 15145 0 6 0
131691 15146 0 6 0
131902 15147 0 6 0
132114 15147 0 6 0
132325 15147 0 6 0
132536 15147 0 6 0
132747 15148 0 6 0
132959 15148 0 6 0
133171 15148 0 6 0
133383 15148 0 6 0
133596 15149 0 6 0
133808 15149 0 6 0
134019 15149 0 6 0
134231 15150 0 6 0
134443 15150 0 6 0
134655 15151 0 6 0
134866 15151 0 6 0
135078 15151 0 6 0
135291 15151 0 6 0
135502 15152 0 6 0
135713 15152 0 6 0
135924 15153 0 6 0
136136 15153 0 6 0
136347 15154 0 6 0
136559 12968 0 6 0
136770 12267 0 5 0
136983 10438 0 5 0
137195 10095 0 4 0
137406 10096 0 4 0
137617 10096 0 4 0
137828 10096 0 4 0
138040 10098 0 4 0
138251 10099 0 4 0
138463 10099 0 4 0
138677 10099 0 4 0
138888 10100 0 4 0
139100 10100 0 4 0
139312 10100 0 4 0
139524 10100 0 4 0
139735 10101 0 4 0
139946 10102 0 4 0
140158 10102 0 4 0
140369 10103 0 4 0
140580 10104 0 4 0
140794 1426 0 4 0
141007 354 0 1 0
141219 13 0 0 0
