31784 18411 2240 23 11
31997 18576 2240 23 11
32209 18674 2240 23 11
32422 18723 2240 23 11
32634 18836 2240 23 11
32846 18876 2240 23 11
33058 18963 2240 23 11
33271 19019 2240 23 11
33482 19023 2240 23 11
33694 19037 2240 23 11
33905 19037 2240 23 11
34116 19064 2240 23 11
34327 19068 2240 23 11
34538 19068 2240 23 11
34751 19068 2240 23 11
34963 19068 2240 23 11
35174 19068 2240 23 11
35386 19068 2240 23 11
35598 19068 2240 23 11
35810 19068 2240 23 11
36022 19068 2240 23 11
36234 19068 2240 23 11
36446 19069 2240 23 11
36657 19069 2240 23 11
36870 19069 2240 23 11
37081 19069 2240 23 11
37294 19069 2240 23 11
37505 19069 2240 23 11
37717 19069 2240 23 11
37929 19069 2240 23 11
38140 19069 2240 23 11
38353 19069 2240 23 11
38565 19069 2240 23 11
38776 19069 2240 23 11
38988 19069 2240 23 11
39199 19069 2240 23 11
39411 19069 2240 23 11
39622 19069 2240 23 11
39833 19069 2240 23 11
40045 19069 2240 23 11
40258 19069 2240 23 11
40470 19069 2240 23 11
40683 19069 2240 23 11
40895 19069 2240 23 11
41107 19069 2240 23 11
41319 19069 2240 23 11
41531 19069 2240 23 11
41742 19070 2240 23 11
41954 19070 2240 23 11
42167 19070 2240 23 11
42380 19070 2240 23 11
42592 19070 2240 23 11
42805 19071 2240 23 11
43017 19071 2240 23 11
43228 19071 2240 23 11
43439 19072 2240 23 11
43651 19072 2240 23 11
43862 19072 2240 23 11
44073 19072 2240 23 11
44286 19072 2240 23 11
44498 19072 2240 23 11
44710 19073 2240 23 11
44923 19073 2240 23 11
45133 19073 2240 23 11
45345 19073 2240 23 11
45557 19074 2240 23 11
45767 19074 2240 23 11
45979 19074 2240 23 11
46191 19074 2240 23 11
46402 19075 2240 23 11
46613 19075 2240 23 11
46825 19075 2240 23 11
47036 19075 2240 23 11
47247 19075 2240 23 11
47458 19075 2240 23 11
47670 19075 2240 23 11
47882 19075 2240 23 11
48094 19075 2240 23 11
48306 19075 2240 23 11
48518 19075 2240 23 11
48729 19076 2240 23 11
48941 19076 2240 23 11
49153 19076 2240 23 11
49366 19077 2240 23 11
49577 19077 2240 23 11
49790 19076 2240 23 11
50001 19076 2240 23 11
50213 19076 2240 23 11
50425 19076 2240 23 11
50637 19184 2352 23 11
50850 19182 2352 23 11
51063 19182 2352 23 11
51276 19183 2352 23 11
51488 19183 2352 23 11
51700 19183 2352 23 11
51913 19180 2352 23 11
52124 19180 2352 23 11
52335 19180 2352 23 11
52546 19180 2352 23 11
52757 19177 2352 23 11
52968 19175 2352 23 11
53180 19174 2352 23 11
53393 19174 2352 23 11
53605 19174 2352 23 11
53816 19172 2352 23 11
54030 19172 2352 23 11
54243 19172 2352 23 11
54455 19171 2352 23 11
54667 19171 2352 23 11
54878 19170 2352 23 11
55090 19170 2352 23 11
55302 19170 2352 23 11
55514 19169 2352 23 11
55727 19169 2352 23 11
55939 19168 2352 23 11
56150 19167 2352 23 11
56363 19167 2352 23 11
56575 19167 2352 23 11
56787 19167 2352 23 11
56999 19167 2352 23 11
57210 19167 2352 23 11
57421 19166 2352 23 11
57633 19166 2352 23 11
57844 19166 2352 23 11
58055 19166 2352 23 11
58267 19166 2352 23 11
58478 19167 2352 23 11
58691 19167 2352 23 11
58903 19168 2352 23 11
59115 19168 2352 23 11
59327 19169 2352 23 11
59539 19170 2352 23 11
59751 19170 2352 23 11
59963 19169 2352 23 11
60174 19170 2352 23 11
60386 19171 2352 23 11
60598 19171 2352 23 11
60811 19171 2352 23 11
61022 19171 2352 23 11
61234 19171 2352 23 11
61445 19171 2352 23 11
61657 19171 2352 23 11
61870 19172 2352 23 11
62082 19172 2352 23 11
62295 18805 2352 23 11
62507 17786 2352 23 11
62719 17276 2352 21 10
62931 16958 2352 20 9
63143 16959 2352 20 9
63355 16960 2352 20 9
63567 16960 2352 20 9
63778 16960 2352 20 9
63990 16960 2352 20 9
64201 16960 2352 20 9
64413 16959 2352 20 9
64625 16959 2352 20 9
64837 16959 2352 20 9
65049 16959 2352 20 9
65261 16958 2352 20 9
65473 16957 2352 20 9
65686 16957 2352 20 9
65897 16956 2352 20 9
66109 16956 2352 20 9
66321 16956 2352 20 9
66533 16955 2352 20 9
66743 16955 2352 20 9
66955 16955 2352 20 9
67166 16954 2352 20 9
67379 16954 2352 20 9
67592 16954 2352 20 9
67804 16954 2352 20 9
68015 16953 2352 20 9
68227 16954 2352 20 9
68439 16603 2352 20 9
68650 15844 2352 19 8
68863 15096 2352 18 7
69076 14368 2352 17 6
69289 14111 2352 17 6
69501 13983 2352 16 5
69714 13984 2352 16 5
69925 13984 2352 16 5
70136 13984 2352 16 5
70347 13985 2352 16 5
70560 13986 2352 16 5
70771 13986 2352 16 5
70983 13987 2352 16 5
71194 13987 2352 16 5
71406 13988 2352 16 5
71618 13988 2352 16 5
71829 13988 2352 16 5
72039 13989 2352 16 5
72251 13989 2352 16 5
72463 13989 2352 16 5
72676 13989 2352 16 5
72887 13987 2352 16 5
73099 13987 2352 16 5
73311 13987 2352 16 5
73522 13986 2352 16 5
73734 13986 2352 16 5
73946 13986 2352 16 5
74158 13987 2352 16 5
74371 13987 2352 16 5
74583 13988 2352 16 5
74795 13988 2352 16 5
75008 13988 2352 16 5
75220 13988 2352 16 5
75432 13988 2352 16 5
75642 13989 2352 16 5
75854 13989 2352 16 5
76065 13990 2352 16 5
76277 13990 2352 16 5
76488 13992 2352 16 5
76700 13992 2352 16 5
76912 13992 2352 16 5
77123 13993 2352 16 5
77335 13992 2352 16 5
77547 13993 2352 16 5
77759 13993 2352 16 5
77971 13624 2352 16 5
78184 13259 2352 15 4
78395 13259 2352 15 4
78606 13260 2352 15 4
78818 13260 2352 15 4
79030 13260 2352 15 4
79242 13261 2352 15 4
79455 13261 2352 15 4
79667 13262 2352 15 4
79879 13262 2352 15 4
80091 13262 2352 15 4
80303 13262 2352 15 4
80515 13263 2352 15 4
80727 13262 2352 15 4
80939 13262 2352 15 4
81150 13262 2352 15 4
81362 13262 2352 15 4
81574 13262 2352 15 4
81786 13262 2352 15 4
81997 13263 2352 15 4
82208 13263 2352 15 4
82419 13263 2352 15 4
82631 13263 2352 15 4
82842 13263 2352 15 4
83054 13263 2352 15 4
83266 13264 2352 15 4
83477 13264 2352 15 4
83689 13264 2352 15 4
83901 13264 2352 15 4
84112 13264 2352 15 4
84324 13264 2352 15 4
84536 13265 2352 15 4
84748 13265 2352 15 4
84960 13266 2352 15 4
85172 13266 2352 15 4
85383 13267 2352 15 4
85595 13267 2352 15 4
85807 13267 2352 15 4
86019 13267 2352 15 4
86232 13268 2352 15 4
86442 13270 2352 15 4
86653 13269 2352 15 4
86866 13269 2352 15 4
87079 12957 2352 15 4
87292 12529 2352 15 4
87505 11515 2352 13 2
87719 11084 2352 13 2
87932 9700 1680 11 0
88651 9705 1680 11 0
88863 9705 1680 11 0
89075 9705 1680 11 0
89287 9705 1680 11 0
89499 9705 1680 11 0
89711 9705 1680 11 0
89922 9705 1680 11 0
90135 9704 1680 11 0
90346 9704 1680 11 0
90558 9704 1680 11 0
90769 9706 1680 11 0
90981 9706 1680 11 0
91193 9706 1680 11 0
91405 9706 1680 11 0
91616 9706 1680 11 0
91827 9706 1680 11 0
92038 9707 1680 11 0
92249 9707 1680 11 0
92462 9707 1680 11 0
92673 9708 1680 11 0
92885 9708 1680 11 0
93096 9709 1680 11 0
93307 9709 1680 11 0
93518 9709 1680 11 0
93731 9710 1680 11 0
93943 9709 1680 11 0
94154 9709 1680 11 0
94365 9710 1680 11 0
94577 9709 1680 11 0
94788 9709 1680 11 0
94999 9710 1680 11 0
95212 9710 1680 11 0
95424 9710 1680 11 0
95636 9711 1680 11 0
95848 9713 1680 11 0
96061 9713 1680 11 0
96271 9713 1680 11 0
96481 9715 1680 11 0
96693 9715 1680 11 0
96906 9353 1680 11 0
97118 9338 1680 11 0
97330 8988 1680 10 0
97541 8989 1680 10 0
97752 8989 1680 10 0
97965 8990 1680 10 0
98177 8990 1680 10 0
98389 8990 1680 10 0
98601 8991 1680 10 0
98814 8991 1680 10 0
99026 8991 1680 10 0
99238 8992 1680 10 0
99451 8992 1680 10 0
99664 8992 1680 10 0
99875 7560 1680 10 0
100088 6429 1680 9 0
100300 6007 1680 6 0
100513 6010 1680 6 0
100726 6012 1680 6 0
100937 6013 1680 6 0
101150 6014 1680 6 0
101362 6015 1680 6 0
101574 6015 1680 6 0
101786 6015 1680 6 0
101998 6015 1680 6 0
102210 6015 1680 6 0
102422 6015 1680 6 0
102633 6016 1680 6 0
102845 6016 1680 6 0
103056 6016 1680 6 0
103268 6017 1680 6 0
103480 6018 1680 6 0
103692 6018 1680 6 0
103905 6019 1680 6 0
104118 6019 1680 6 0
104330 6020 1680 6 0
104542 6020 1680 6 0
104755 6021 1680 6 0
104966 6021 1680 6 0
105179 6022 1680 6 0
105390 6022 1680 6 0
105602 6023 1680 6 0
105814 6023 1680 6 0
106027 6024 1680 6 0
106238 6025 1680 6 0
106451 6025 1680 6 0
106662 6026 1680 6 0
106875 6026 1680 6 0
107087 6026 1680 6 0
107299 6027 1680 6 0
107511 6028 1680 6 0
107723 6027 1680 6 0
107935 6028 1680 6 0
108147 6028 1680 6 0
108359 6028 1680 6 0
108571 6028 1680 6 0
108782 6028 1680 6 0
108994 6028 1680 6 0
109206 6028 1680 6 0
109417 6029 1680 6 0
109630 6029 1680 6 0
109842 6029 1680 6 0
110054 6029 1680 6 0
110265 6029 1680 6 0
110478 6030 1680 6 0
110689 6031 1680 6 0
110901 6033 1680 6 0
111113 6033 1680 6 0
111325 6034 1680 6 0
111537 6035 1680 6 0
111749 6035 1680 6 0
111961 6035 1680 6 0
112173 6036 1680 6 0
112384 6036 1680 6 0
112595 6037 1680 6 0
112806 6037 1680 6 0
113018 6038 1680 6 0
113229 6038 1680 6 0
113441 6039 1680 6 0
113653 6039 1680 6 0
113864 6040 1680 6 0
114076 6040 1680 6 0
114287 6040 1680 6 0
114498 6040 1680 6 0
114710 6041 1680 6 0
114922 6041 1680 6 0
115135 6041 1680 6 0
115347 6041 1680 6 0
115559 6042 1680 6 0
115771 6042 1680 6 0
115982 6041 1680 6 0
116195 6041 1680 6 0
116406 6041 1680 6 0
116619 6042 1680 6 0
116830 6042 1680 6 0
117042 6042 1680 6 0
117255 6042 1680 6 0
117467 6042 1680 6 0
117679 6042 1680 6 0
117891 6042 1680 6 0
118102 6042 1680 6 0
118314 6043 1680 6 0
118526 6042 1680 6 0
118738 6043 1680 6 0
118949 6042 1680 6 0
119161 6043 1680 6 0
119373 6043 1680 6 0
119585 6044 1680 6 0
119797 6044 1680 6 0
120009 6044 1680 6 0
120220 6044 1680 6 0
120431 6045 1680 6 0
120643 6045 1680 6 0
120855 6044 1680 6 0
121067 6045 1680 6 0
121281 6045 1680 6 0
121494 6045 1680 6 0
121706 6046 1680 6 0
121917 6046 1680 6 0
122129 6046 1680 6 0
122340 6045 1680 6 0
122553 6045 1680 6 0
122765 6046 1680 6 0
122977 6045 1680 6 0
123189 6045 1680 6 0
123401 6045 1680 6 0
123611 6045 1680 6 0
123822 6045 1680 6 0
124034 6045 1680 6 0
124247 6045 1680 6 0
124459 6045 1680 6 0
124670 6045 1680 6 0
124882 6045 1680 6 0
125094 6045 1680 6 0
125306 6046 1680 6 0
125518 6046 1680 6 0
125730 6046 1680 6 0
125942 6046 1680 6 0
126154 6046 1680 6 0
126365 6047 1680 6 0
126575 6047 1680 6 0
126787 6048 1680 6 0
126998 6048 1680 6 0
127210 6049 1680 6 0
127422 6049 1680 6 0
127634 6049 1680 6 0
127845 6050 1680 6 0
128057 6050 1680 6 0
128270 6050 1680 6 0
128482 6051 1680 6 0
128693 6051 1680 6 0
128905 6051 1680 6 0
129117 6051 1680 6 0
129329 6051 1680 6 0
129542 6052 1680 6 0
129754 6052 1680 6 0
129967 6051 1680 6 0
130179 6051 1680 6 0
130391 6051 1680 6 0
130602 6051 1680 6 0
130814 6051 1680 6 0
131026 6051 1680 6 0
131238 6050 1680 6 0
131450 6050 1680 6 0
131663 6051 1680 6 0
131876 6051 1680 6 0
132088 6051 1680 6 0
132300 6051 1680 6 0
132513 6050 1680 6 0
132725 6050 1680 6 0
132937 6050 1680 6 0
133149 6050 1680 6 0
133361 6050 1680 6 0
133571 6049 1680 6 0
133783 6049 1680 6 0
133995 6049 1680 6 0
134207 6049 1680 6 0
134419 6050 1680 6 0
134632 6050 1680 6 0
134845 6050 1680 6 0
135057 6050 1680 6 0
135269 6050 1680 6 0
135481 6050 1680 6 0
135694 6050 1680 6 0
135906 6050 1680 6 0
136116 6048 1680 6 0
136328 6049 1680 6 0
136541 6049 1680 6 0
136752 6049 1680 6 0
136963 6049 1680 6 0
137175 6049 1680 6 0
137386 6049 1680 6 0
137599 6049 1680 6 0
137811 5664 1680 6 0
138023 5317 1680 5 0
138235 5317 1680 5 0
138447 5294 1680 5 0
138660 4935 1680 5 0
138873 4591 1680 4 0
139085 4592 1680 4 0
139297 4592 1680 4 0
139509 4592 1680 4 0
139722 4592 1680 4 0
139935 4592 1680 4 0
140147 4592 1680 4 0
140358 4592 1680 4 0
140570 4592 1680 4 0
140782 4592 1680 4 0
140994 4593 1680 4 0
141206 4593 1680 4 0
141418 4593 1680 4 0
141630 4593 1680 4 0
141842 4593 1680 4 0
142052 4230 1680 4 0
142264 2766 1680 3 0
142476 12 0 1 0
142688 14 0 0 0
