31750 18414 2240 23 11
31962 18546 2240 23 11
32173 18635 2240 23 11
32386 18721 2240 23 11
32599 18753 2240 23 11
32812 18868 2240 23 11
33023 18954 2240 23 11
33236 18992 2240 23 11
33448 18994 2240 23 11
33660 19015 2240 23 11
33872 19023 2240 23 11
34084 19031 2240 23 11
34295 19032 2240 23 11
34507 19034 2240 23 11
34719 19035 2240 23 11
34931 19035 2240 23 11
35142 19035 2240 23 11
35355 19035 2240 23 11
35566 19036 2240 23 11
35778 19036 2240 23 11
35990 19037 2240 23 11
36203 19037 2240 23 11
36415 19038 2240 23 11
36627 19038 2240 23 11
36840 19038 2240 23 11
37052 19038 2240 23 11
37266 19038 2240 23 11
37477 19038 2240 23 11
37689 19038 2240 23 11
37901 19038 2240 23 11
38114 19038 2240 23 11
38326 19038 2240 23 11
38537 19038 2240 23 11
38750 19038 2240 23 11
38962 19038 2240 23 11
39174 19038 2240 23 11
39385 19038 2240 23 11
39598 19039 2240 23 11
39808 19039 2240 23 11
40020 19039 2240 23 11
40232 19039 2240 23 11
40443 19039 2240 23 11
40656 19040 2240 23 11
40868 19040 2240 23 11
41080 19040 2240 23 11
41292 19041 2240 23 11
41504 19042 2240 23 11
41716 19042 2240 23 11
41928 19042 2240 23 11
42140 19042 2240 23 11
42352 19042 2240 23 11
42564 19042 2240 23 11
42776 19042 2240 23 11
42989 19042 2240 23 11
43200 19043 2240 23 11
43412 19044 2240 23 11
43624 19044 2240 23 11
43836 19049 2240 23 11
44047 19049 2240 23 11
44260 19049 2240 23 11
44472 19049 2240 23 11
44683 19049 2240 23 11
44896 19049 2240 23 11
45107 19049 2240 23 11
45319 19049 2240 23 11
45530 19049 2240 23 11
45742 19049 2240 23 11
45953 19050 2240 23 11
46164 19050 2240 23 11
46376 19050 2240 23 11
46588 19050 2240 23 11
46799 19050 2240 23 11
47011 19050 2240 23 11
47222 19050 2240 23 11
47434 19050 2240 23 11
47645 19050 2240 23 11
47855 19050 2240 23 11
48067 19050 2240 23 11
48278 19051 2240 23 11
48490 19051 2240 23 11
48701 19051 2240 23 11
48914 19051 2240 23 11
49125 19052 2240 23 11
49337 19052 2240 23 11
49549 19052 2240 23 11
49761 19052 2240 23 11
49974 19052 2240 23 11
50184 19052 2240 23 11
50396 19164 2352 23 11
50609 19163 2352 23 11
50821 19162 2352 23 11
51032 19162 2352 23 11
51244 19162 2352 23 11
51456 19163 2352 23 11
51666 19160 2352 23 11
51878 19159 2352 23 11
52090 19159 2352 23 11
52302 19159 2352 23 11
52513 19159 2352 23 11
52725 19155 2352 23 11
52937 19154 2352 23 11
53149 19154 2352 23 11
53360 19154 2352 23 11
53572 19153 2352 23 11
53784 19150 2352 23 11
53996 19150 2352 23 11
54208 19151 2352 23 11
54419 19151 2352 23 11
54630 19149 2352 23 11
54842 19147 2352 23 11
55054 19147 2352 23 11
55265 19147 2352 23 11
55477 19147 2352 23 11
55689 19145 2352 23 11
55901 19145 2352 23 11
56112 19145 2352 23 11
56324 19145 2352 23 11
56536 19145 2352 23 11
56748 19145 2352 23 11
56959 19144 2352 23 11
57171 19144 2352 23 11
57383 19144 2352 23 11
57595 19144 2352 23 11
57808 19143 2352 23 11
58019 19143 2352 23 11
58231 19143 2352 23 11
58443 19144 2352 23 11
58655 19143 2352 23 11
58868 19143 2352 23 11
59079 19141 2352 23 11
59291 19141 2352 23 11
59503 19141 2352 23 11
59715 19141 2352 23 11
59925 19142 2352 23 11
60136 19141 2352 23 11
60349 19141 2352 23 11
60560 19142 2352 23 11
60771 19142 2352 23 11
60983 19142 2352 23 11
61194 19142 2352 23 11
61406 19142 2352 23 11
61618 19140 2352 23 11
61830 19140 2352 23 11
62042 19139 2352 23 11
62255 18810 2352 23 11
62466 18013 2352 23 11
62679 17259 2352 22 11
62892 16906 2352 20 9
63103 16908 2352 20 9
63315 16908 2352 20 9
63529 16908 2352 20 9
63741 16907 2352 20 9
63953 16908 2352 20 9
64165 16907 2352 20 9
64378 16910 2352 20 9
64590 16910 2352 20 9
64802 16909 2352 20 9
65013 16909 2352 20 9
65226 16909 2352 20 9
65438 16909 2352 20 9
65650 16909 2352 20 9
65862 16909 2352 20 9
66075 16909 2352 20 9
66287 16909 2352 20 9
66498 16909 2352 20 9
66710 16908 2352 20 9
66920 16909 2352 20 9
67132 16909 2352 20 9
67344 16910 2352 20 9
67556 16911 2352 20 9
67768 16911 2352 20 9
67980 16912 2352 20 9
68192 16559 2352 20 9
68403 16287 2352 20 9
68616 15486 2352 19 8
68829 15172 2352 19 8
69041 14319 2352 17 6
69254 13948 2352 16 5
69467 13949 2352 16 5
69679 13949 2352 16 5
69891 13949 2352 16 5
70102 13950 2352 16 5
70315 13950 2352 16 5
70528 13951 2352 16 5
70740 13952 2352 16 5
70952 13952 2352 16 5
71165 13953 2352 16 5
71378 13953 2352 16 5
71591 13954 2352 16 5
71803 13954 2352 16 5
72016 13955 2352 16 5
72229 13956 2352 16 5
72442 13956 2352 16 5
72654 13957 2352 16 5
72867 13957 2352 16 5
73080 13957 2352 16 5
73292 13957 2352 16 5
73504 13956 2352 16 5
73716 13956 2352 16 5
73928 13956 2352 16 5
74140 13957 2352 16 5
74351 13957 2352 16 5
74564 13957 2352 16 5
74776 13957 2352 16 5
74987 13957 2352 16 5
75199 13957 2352 16 5
75411 13957 2352 16 5
75623 13957 2352 16 5
75833 13957 2352 16 5
76045 13958 2352 16 5
76256 13959 2352 16 5
76468 13959 2352 16 5
76680 13961 2352 16 5
76892 13960 2352 16 5
77104 13960 2352 16 5
77316 13961 2352 16 5
77529 13961 2352 16 5
77741 13962 2352 16 5
77954 13962 2352 16 5
78166 13593 2352 16 5
78380 13234 2352 15 4
78593 13234 2352 15 4
78805 13234 2352 15 4
79017 13234 2352 15 4
79229 13235 2352 15 4
79442 13236 2352 15 4
79653 13236 2352 15 4
79864 13236 2352 15 4
80075 13237 2352 15 4
80288 13237 2352 15 4
80499 13238 2352 15 4
80712 13238 2352 15 4
80924 13238 2352 15 4
81136 13239 2352 15 4
81348 13239 2352 15 4
81559 13238 2352 15 4
81771 13238 2352 15 4
81983 13237 2352 15 4
82196 13238 2352 15 4
82407 13238 2352 15 4
82619 13238 2352 15 4
82831 13239 2352 15 4
83043 13239 2352 15 4
83256 13240 2352 15 4
83467 13240 2352 15 4
83679 13240 2352 15 4
83890 13241 2352 15 4
84102 13241 2352 15 4
84314 13241 2352 15 4
84526 13243 2352 15 4
84737 13244 2352 15 4
84950 13244 2352 15 4
85162 13244 2352 15 4
85374 13245 2352 15 4
85587 13245 2352 15 4
85799 13245 2352 15 4
86011 13245 2352 15 4
86223 13244 2352 15 4
86435 13244 2352 15 4
86647 13244 2352 15 4
86860 12893 2352 15 4
87074 12738 2352 15 4
87287 11496 2352 14 3
87502 11068 2352 14 3
87713 9668 1680 11 0
88432 9671 1680 11 0
88643 9671 1680 11 0
88856 9671 1680 11 0
89067 9673 1680 11 0
89279 9673 1680 11 0
89491 9673 1680 11 0
89702 9673 1680 11 0
89915 9674 1680 11 0
90128 9674 1680 11 0
90340 9674 1680 11 0
90551 9674 1680 11 0
90764 9674 1680 11 0
90976 9674 1680 11 0
91188 9675 1680 11 0
91399 9675 1680 11 0
91611 9675 1680 11 0
91823 9676 1680 11 0
92035 9677 1680 11 0
92247 9677 1680 11 0
92458 9677 1680 11 0
92670 9678 1680 11 0
92883 9678 1680 11 0
93095 9678 1680 11 0
93308 9679 1680 11 0
93519 9679 1680 11 0
93731 9679 1680 11 0
93944 9680 1680 11 0
94156 9680 1680 11 0
94367 9681 1680 11 0
94579 9681 1680 11 0
94791 9682 1680 11 0
95002 9682 1680 11 0
95215 9682 1680 11 0
95427 9682 1680 11 0
95639 9682 1680 11 0
95851 9683 1680 11 0
96063 9683 1680 11 0
96275 9683 1680 11 0
96486 9683 1680 11 0
96698 9684 1680 11 0
96910 9320 1680 11 0
97123 9068 1680 11 0
97335 8948 1680 10 0
97549 8949 1680 10 0
97760 8950 1680 10 0
97972 8950 1680 10 0
98184 8951 1680 10 0
98396 8951 1680 10 0
98608 8952 1680 10 0
98820 8952 1680 10 0
99033 8953 1680 10 0
99245 8953 1680 10 0
99458 8956 1680 10 0
99670 8619 1680 10 0
99882 7526 1680 10 0
100094 6330 1680 9 0
100306 5994 1680 6 0
100518 5996 1680 6 0
100731 5998 1680 6 0
100943 5998 1680 6 0
101155 5998 1680 6 0
101367 5998 1680 6 0
101579 5998 1680 6 0
101790 5998 1680 6 0
102003 5997 1680 6 0
102214 5997 1680 6 0
102427 5997 1680 6 0
102639 5997 1680 6 0
102851 5997 1680 6 0
103062 5997 1680 6 0
103273 5997 1680 6 0
103484 5997 1680 6 0
103695 5997 1680 6 0
103907 5998 1680 6 0
104118 5998 1680 6 0
104328 5998 1680 6 0
104540 5999 1680 6 0
104752 5999 1680 6 0
104964 5999 1680 6 0
105175 6000 1680 6 0
105387 6000 1680 6 0
105598 6000 1680 6 0
105809 6000 1680 6 0
106021 6001 1680 6 0
106233 6002 1680 6 0
106444 6002 1680 6 0
106656 6002 1680 6 0
106868 6003 1680 6 0
107079 6003 1680 6 0
107289 6003 1680 6 0
107502 6004 1680 6 0
107714 6005 1680 6 0
107926 6005 1680 6 0
108137 6005 1680 6 0
108350 6005 1680 6 0
108563 6005 1680 6 0
108774 6005 1680 6 0
108987 6006 1680 6 0
109199 6006 1680 6 0
109411 6007 1680 6 0
109622 6007 1680 6 0
109834 6007 1680 6 0
110046 6008 1680 6 0
110258 6009 1680 6 0
110470 6009 1680 6 0
110681 6009 1680 6 0
110892 6010 1680 6 0
111105 6010 1680 6 0
111317 6011 1680 6 0
111530 6011 1680 6 0
111743 6010 1680 6 0
111955 6009 1680 6 0
112168 6009 1680 6 0
112381 6009 1680 6 0
112593 6009 1680 6 0
112805 6009 1680 6 0
113017 6009 1680 6 0
113229 6009 1680 6 0
113441 6009 1680 6 0
113652 6009 1680 6 0
113864 6010 1680 6 0
114076 6010 1680 6 0
114288 6010 1680 6 0
114500 6011 1680 6 0
114712 6009 1680 6 0
114924 6010 1680 6 0
115137 6010 1680 6 0
115349 6011 1680 6 0
115562 6011 1680 6 0
115773 6011 1680 6 0
115984 6011 1680 6 0
116196 6011 1680 6 0
116408 6012 1680 6 0
116619 6012 1680 6 0
116831 6012 1680 6 0
117043 6011 1680 6 0
117255 6011 1680 6 0
117468 6011 1680 6 0
117680 6011 1680 6 0
117892 6010 1680 6 0
118104 6010 1680 6 0
118316 6010 1680 6 0
118528 6010 1680 6 0
118741 6010 1680 6 0
118953 6012 1680 6 0
119165 6013 1680 6 0
119377 6014 1680 6 0
119589 6014 1680 6 0
119800 6014 1680 6 0
120012 6015 1680 6 0
120223 6015 1680 6 0
120434 6015 1680 6 0
120646 6016 1680 6 0
120858 6016 1680 6 0
121070 6017 1680 6 0
121282 6017 1680 6 0
121494 6018 1680 6 0
121706 6018 1680 6 0
121918 6019 1680 6 0
122129 6018 1680 6 0
122341 6018 1680 6 0
122555 6019 1680 6 0
122767 6019 1680 6 0
122979 6019 1680 6 0
123191 6019 1680 6 0
123403 6019 1680 6 0
123615 6020 1680 6 0
123827 6020 1680 6 0
124039 6020 1680 6 0
124251 6020 1680 6 0
124461 6021 1680 6 0
124671 6021 1680 6 0
124883 6021 1680 6 0
125095 6021 1680 6 0
125307 6021 1680 6 0
125519 6022 1680 6 0
125732 6021 1680 6 0
125944 6021 1680 6 0
126156 6022 1680 6 0
126368 6022 1680 6 0
126579 6022 1680 6 0
126792 6022 1680 6 0
127003 6022 1680 6 0
127216 6022 1680 6 0
127427 6022 1680 6 0
127639 6022 1680 6 0
127851 6022 1680 6 0
128064 6022 1680 6 0
128276 6022 1680 6 0
128488 6022 1680 6 0
128700 6021 1680 6 0
128910 6021 1680 6 0
129123 6021 1680 6 0
129334 6021 1680 6 0
129546 6022 1680 6 0
129758 6022 1680 6 0
129970 6022 1680 6 0
130182 6022 1680 6 0
130395 6022 1680 6 0
130606 6022 1680 6 0
130819 6022 1680 6 0
131030 6023 1680 6 0
131243 6023 1680 6 0
131456 6023 1680 6 0
131668 6023 1680 6 0
131879 6024 1680 6 0
132092 6024 1680 6 0
132304 6024 1680 6 0
132516 6024 1680 6 0
132728 6024 1680 6 0
132939 6024 1680 6 0
133151 6024 1680 6 0
133363 6024 1680 6 0
133575 6023 1680 6 0
133787 6023 1680 6 0
133999 6023 1680 6 0
134211 6023 1680 6 0
134425 6023 1680 6 0
134638 6023 1680 6 0
134850 6023 1680 6 0
135062 6023 1680 6 0
135274 6023 1680 6 0
135485 6023 1680 6 0
135698 6023 1680 6 0
135910 6023 1680 6 0
136122 6023 1680 6 0
136333 6023 1680 6 0
136545 6023 1680 6 0
136758 6023 1680 6 0
136970 6022 1680 6 0
137181 6022 1680 6 0
137394 6022 1680 6 0
137605 5651 1680 6 0
137818 5398 1680 6 0
138030 5293 1680 5 0
138241 5293 1680 5 0
138453 5293 1680 5 0
138667 4910 1680 5 0
138880 4567 1680 4 0
139093 4569 1680 4 0
139305 4569 1680 4 0
139517 4569 1680 4 0
139728 4570 1680 4 0
139940 4570 1680 4 0
140153 4569 1680 4 0
140364 4569 1680 4 0
140577 4569 1680 4 0
140788 4569 1680 4 0
141001 4570 1680 4 0
141214 4570 1680 4 0
141426 4570 1680 4 0
141638 4570 1680 4 0
141852 4571 1680 4 0
142062 3895 1680 4 0
142283 2733 1680 4 0
142496 68 0 1 0
142708 -28 0 0 0
